 title - water cube with point source                                            
 Number of histories used for normalizing tallies =       1000000.00

 Mesh Tally Number        24
     Mesh comment line the first                                                
        mesh comment line the second                                            
 This is a neutron mesh tally.

 Tally bin boundaries:
    X direction:    -10.00     -9.00     -6.00     -3.00     -1.00      1.00      3.00      6.00      9.00     10.00
    Y direction:    -10.00     -9.00     -6.00     -3.00     -1.00      1.00      3.00      6.00      9.00     10.00
    Z direction:    -10.00     -9.00     -6.00     -3.00     -1.00      1.00      3.00      6.00      9.00     10.00
    Energy bin boundaries: 0.00E+00 1.00E+36

        X         Y         Z     Result     Rel Error
     -9.500    -9.500    -9.500 6.90760E-05 1.50097E-01
     -9.500    -9.500    -7.500 6.23573E-05 9.64070E-02
     -9.500    -9.500    -4.500 7.37947E-05 8.47971E-02
     -9.500    -9.500    -2.000 8.10212E-05 9.83465E-02
     -9.500    -9.500     0.000 7.81181E-05 9.85589E-02
     -9.500    -9.500     2.000 8.30338E-05 9.50916E-02
     -9.500    -9.500     4.500 7.03647E-05 8.78849E-02
     -9.500    -9.500     7.500 8.01919E-05 8.40474E-02
     -9.500    -9.500     9.500 7.94355E-05 1.44335E-01
     -9.500    -7.500    -9.500 7.81352E-05 8.73511E-02
     -9.500    -7.500    -7.500 6.01540E-05 6.41772E-02
     -9.500    -7.500    -4.500 5.88155E-05 6.38055E-02
     -9.500    -7.500    -2.000 7.86505E-05 6.52791E-02
     -9.500    -7.500     0.000 7.62956E-05 6.68603E-02
     -9.500    -7.500     2.000 7.76395E-05 6.47494E-02
     -9.500    -7.500     4.500 6.56777E-05 5.95175E-02
     -9.500    -7.500     7.500 5.11107E-05 6.58190E-02
     -9.500    -7.500     9.500 6.40032E-05 9.33541E-02
     -9.500    -4.500    -9.500 6.71795E-05 8.93237E-02
     -9.500    -4.500    -7.500 6.00708E-05 6.13604E-02
     -9.500    -4.500    -4.500 6.32703E-05 6.57970E-02
     -9.500    -4.500    -2.000 9.82024E-05 6.51038E-02
     -9.500    -4.500     0.000 1.11324E-04 6.13759E-02
     -9.500    -4.500     2.000 9.83650E-05 6.63524E-02
     -9.500    -4.500     4.500 5.76158E-05 6.72837E-02
     -9.500    -4.500     7.500 7.10492E-05 5.86382E-02
     -9.500    -4.500     9.500 7.11216E-05 8.74352E-02
     -9.500    -2.000    -9.500 9.20135E-05 9.14678E-02
     -9.500    -2.000    -7.500 8.03592E-05 6.40424E-02
     -9.500    -2.000    -4.500 1.08679E-04 6.39120E-02
     -9.500    -2.000    -2.000 1.66947E-04 6.26529E-02
     -9.500    -2.000     0.000 1.81176E-04 6.29801E-02
     -9.500    -2.000     2.000 1.81234E-04 6.38791E-02
     -9.500    -2.000     4.500 9.14866E-05 6.68058E-02
     -9.500    -2.000     7.500 7.32571E-05 6.84455E-02
     -9.500    -2.000     9.500 8.82090E-05 9.75891E-02
     -9.500     0.000    -9.500 7.85809E-05 1.01181E-01
     -9.500     0.000    -7.500 8.83286E-05 6.23675E-02
     -9.500     0.000    -4.500 1.24228E-04 5.72137E-02
     -9.500     0.000    -2.000 2.01089E-04 5.93961E-02
     -9.500     0.000     0.000 2.12235E-04 5.62385E-02
     -9.500     0.000     2.000 2.00827E-04 6.13801E-02
     -9.500     0.000     4.500 1.09580E-04 6.37340E-02
     -9.500     0.000     7.500 8.36284E-05 6.32350E-02
     -9.500     0.000     9.500 9.56602E-05 9.05162E-02
     -9.500     2.000    -9.500 6.91121E-05 1.04993E-01
     -9.500     2.000    -7.500 7.50852E-05 6.50789E-02
     -9.500     2.000    -4.500 1.13218E-04 5.96269E-02
     -9.500     2.000    -2.000 1.80907E-04 6.26854E-02
     -9.500     2.000     0.000 1.81295E-04 6.21811E-02
     -9.500     2.000     2.000 1.73591E-04 6.56573E-02
     -9.500     2.000     4.500 1.00206E-04 6.37955E-02
     -9.500     2.000     7.500 7.47806E-05 6.79760E-02
     -9.500     2.000     9.500 8.83572E-05 9.46649E-02
     -9.500     4.500    -9.500 7.55948E-05 8.67737E-02
     -9.500     4.500    -7.500 6.55073E-05 6.06855E-02
     -9.500     4.500    -4.500 6.69717E-05 6.20902E-02
     -9.500     4.500    -2.000 9.35481E-05 6.81403E-02
     -9.500     4.500     0.000 1.11481E-04 6.18477E-02
     -9.500     4.500     2.000 9.44057E-05 6.82653E-02
     -9.500     4.500     4.500 6.67329E-05 6.56829E-02
     -9.500     4.500     7.500 6.19518E-05 6.17303E-02
     -9.500     4.500     9.500 7.30152E-05 8.53808E-02
     -9.500     7.500    -9.500 5.93457E-05 1.01234E-01
     -9.500     7.500    -7.500 6.64795E-05 6.04466E-02
     -9.500     7.500    -4.500 6.96536E-05 5.73902E-02
     -9.500     7.500    -2.000 7.82934E-05 6.65664E-02
     -9.500     7.500     0.000 8.61427E-05 6.44157E-02
     -9.500     7.500     2.000 7.57522E-05 6.80357E-02
     -9.500     7.500     4.500 7.14014E-05 5.70825E-02
     -9.500     7.500     7.500 5.52030E-05 6.45016E-02
     -9.500     7.500     9.500 6.50785E-05 9.50204E-02
     -9.500     9.500    -9.500 6.47241E-05 1.50671E-01
     -9.500     9.500    -7.500 6.66265E-05 9.43690E-02
     -9.500     9.500    -4.500 7.78451E-05 8.29013E-02
     -9.500     9.500    -2.000 7.18024E-05 1.05134E-01
     -9.500     9.500     0.000 8.98301E-05 9.54968E-02
     -9.500     9.500     2.000 9.73666E-05 9.12667E-02
     -9.500     9.500     4.500 8.36385E-05 7.96924E-02
     -9.500     9.500     7.500 6.36825E-05 9.53949E-02
     -9.500     9.500     9.500 6.99442E-05 1.52604E-01
     -7.500    -9.500    -9.500 7.72691E-05 9.63021E-02
     -7.500    -9.500    -7.500 8.42701E-05 6.03649E-02
     -7.500    -9.500    -4.500 9.83285E-05 5.49173E-02
     -7.500    -9.500    -2.000 1.16170E-04 5.94776E-02
     -7.500    -9.500     0.000 1.21681E-04 5.79953E-02
     -7.500    -9.500     2.000 1.14181E-04 5.91296E-02
     -7.500    -9.500     4.500 1.01252E-04 5.31735E-02
     -7.500    -9.500     7.500 9.40734E-05 5.73838E-02
     -7.500    -9.500     9.500 8.65725E-05 9.43005E-02
     -7.500    -7.500    -9.500 9.64515E-05 5.65150E-02
     -7.500    -7.500    -7.500 8.11077E-05 4.51014E-02
     -7.500    -7.500    -4.500 8.75676E-05 4.35274E-02
     -7.500    -7.500    -2.000 1.17625E-04 4.53968E-02
     -7.500    -7.500     0.000 1.18357E-04 4.49000E-02
     -7.500    -7.500     2.000 1.21452E-04 4.49157E-02
     -7.500    -7.500     4.500 9.39944E-05 4.24581E-02
     -7.500    -7.500     7.500 8.68578E-05 4.46552E-02
     -7.500    -7.500     9.500 8.48296E-05 6.03959E-02
     -7.500    -4.500    -9.500 1.02411E-04 5.41336E-02
     -7.500    -4.500    -7.500 8.56464E-05 4.35336E-02
     -7.500    -4.500    -4.500 1.02148E-04 4.22525E-02
     -7.500    -4.500    -2.000 1.60305E-04 4.10108E-02
     -7.500    -4.500     0.000 1.94398E-04 3.82741E-02
     -7.500    -4.500     2.000 1.58887E-04 4.16049E-02
     -7.500    -4.500     4.500 1.04621E-04 4.16099E-02
     -7.500    -4.500     7.500 9.15438E-05 4.28930E-02
     -7.500    -4.500     9.500 9.47821E-05 5.47179E-02
     -7.500    -2.000    -9.500 1.16657E-04 5.81344E-02
     -7.500    -2.000    -7.500 1.17614E-04 4.52279E-02
     -7.500    -2.000    -4.500 1.72958E-04 3.99067E-02
     -7.500    -2.000    -2.000 2.96494E-04 3.92080E-02
     -7.500    -2.000     0.000 3.37660E-04 3.70037E-02
     -7.500    -2.000     2.000 2.93533E-04 3.84704E-02
     -7.500    -2.000     4.500 1.69542E-04 4.06314E-02
     -7.500    -2.000     7.500 1.17595E-04 4.48543E-02
     -7.500    -2.000     9.500 1.14707E-04 5.91443E-02
     -7.500     0.000    -9.500 1.22175E-04 5.75217E-02
     -7.500     0.000    -7.500 1.23636E-04 4.40506E-02
     -7.500     0.000    -4.500 1.87094E-04 3.76960E-02
     -7.500     0.000    -2.000 3.83089E-04 3.53092E-02
     -7.500     0.000     0.000 4.21859E-04 3.37938E-02
     -7.500     0.000     2.000 3.52456E-04 3.64244E-02
     -7.500     0.000     4.500 1.79077E-04 3.82673E-02
     -7.500     0.000     7.500 1.35045E-04 4.26187E-02
     -7.500     0.000     9.500 1.18966E-04 5.81573E-02
     -7.500     2.000    -9.500 1.16417E-04 5.98603E-02
     -7.500     2.000    -7.500 1.16400E-04 4.50317E-02
     -7.500     2.000    -4.500 1.72793E-04 3.91528E-02
     -7.500     2.000    -2.000 3.19088E-04 3.83978E-02
     -7.500     2.000     0.000 3.60708E-04 3.61299E-02
     -7.500     2.000     2.000 3.11967E-04 3.82830E-02
     -7.500     2.000     4.500 1.72625E-04 3.95064E-02
     -7.500     2.000     7.500 1.11722E-04 4.62407E-02
     -7.500     2.000     9.500 1.25462E-04 5.79269E-02
     -7.500     4.500    -9.500 1.01983E-04 5.31625E-02
     -7.500     4.500    -7.500 9.09446E-05 4.28167E-02
     -7.500     4.500    -4.500 1.09342E-04 4.08622E-02
     -7.500     4.500    -2.000 1.66765E-04 4.01692E-02
     -7.500     4.500     0.000 1.91428E-04 3.80025E-02
     -7.500     4.500     2.000 1.72061E-04 4.08339E-02
     -7.500     4.500     4.500 9.98678E-05 4.18880E-02
     -7.500     4.500     7.500 8.65130E-05 4.38505E-02
     -7.500     4.500     9.500 9.86530E-05 5.42163E-02
     -7.500     7.500    -9.500 7.94673E-05 5.94309E-02
     -7.500     7.500    -7.500 8.24861E-05 4.49705E-02
     -7.500     7.500    -4.500 9.61592E-05 4.13624E-02
     -7.500     7.500    -2.000 1.12173E-04 4.64800E-02
     -7.500     7.500     0.000 1.24520E-04 4.37837E-02
     -7.500     7.500     2.000 1.13098E-04 4.45932E-02
     -7.500     7.500     4.500 1.06336E-04 4.00265E-02
     -7.500     7.500     7.500 7.83494E-05 4.57964E-02
     -7.500     7.500     9.500 9.14975E-05 5.79746E-02
     -7.500     9.500    -9.500 8.35066E-05 9.41903E-02
     -7.500     9.500    -7.500 7.95652E-05 6.06788E-02
     -7.500     9.500    -4.500 1.05486E-04 5.27901E-02
     -7.500     9.500    -2.000 1.02707E-04 6.11495E-02
     -7.500     9.500     0.000 1.24857E-04 5.63752E-02
     -7.500     9.500     2.000 1.28840E-04 5.65271E-02
     -7.500     9.500     4.500 1.06134E-04 5.15073E-02
     -7.500     9.500     7.500 8.76404E-05 5.87226E-02
     -7.500     9.500     9.500 9.20649E-05 8.86696E-02
     -4.500    -9.500    -9.500 1.15831E-04 7.75231E-02
     -4.500    -9.500    -7.500 1.26827E-04 4.75542E-02
     -4.500    -9.500    -4.500 1.66137E-04 3.95469E-02
     -4.500    -9.500    -2.000 1.88869E-04 4.33634E-02
     -4.500    -9.500     0.000 1.84274E-04 4.50130E-02
     -4.500    -9.500     2.000 1.84586E-04 4.45971E-02
     -4.500    -9.500     4.500 1.56433E-04 4.05235E-02
     -4.500    -9.500     7.500 1.43557E-04 4.50169E-02
     -4.500    -9.500     9.500 1.13035E-04 7.86597E-02
     -4.500    -7.500    -9.500 1.24547E-04 4.71826E-02
     -4.500    -7.500    -7.500 1.32909E-04 3.54521E-02
     -4.500    -7.500    -4.500 1.57876E-04 3.26765E-02
     -4.500    -7.500    -2.000 2.21216E-04 3.34715E-02
     -4.500    -7.500     0.000 2.15490E-04 3.37851E-02
     -4.500    -7.500     2.000 2.12227E-04 3.39176E-02
     -4.500    -7.500     4.500 1.65460E-04 3.20946E-02
     -4.500    -7.500     7.500 1.28824E-04 3.60902E-02
     -4.500    -7.500     9.500 1.19387E-04 4.89873E-02
     -4.500    -4.500    -9.500 1.71272E-04 3.93632E-02
     -4.500    -4.500    -7.500 1.65839E-04 3.19706E-02
     -4.500    -4.500    -4.500 2.11824E-04 2.99437E-02
     -4.500    -4.500    -2.000 3.70582E-04 2.77349E-02
     -4.500    -4.500     0.000 4.15111E-04 2.61661E-02
     -4.500    -4.500     2.000 3.57511E-04 2.81307E-02
     -4.500    -4.500     4.500 2.16912E-04 2.92267E-02
     -4.500    -4.500     7.500 1.54473E-04 3.30597E-02
     -4.500    -4.500     9.500 1.53745E-04 4.10263E-02
     -4.500    -2.000    -9.500 1.93020E-04 4.45373E-02
     -4.500    -2.000    -7.500 2.12747E-04 3.31418E-02
     -4.500    -2.000    -4.500 3.61756E-04 2.79532E-02
     -4.500    -2.000    -2.000 7.36129E-04 2.55478E-02
     -4.500    -2.000     0.000 8.90639E-04 2.33341E-02
     -4.500    -2.000     2.000 7.45608E-04 2.53843E-02
     -4.500    -2.000     4.500 3.82416E-04 2.73793E-02
     -4.500    -2.000     7.500 2.13458E-04 3.35331E-02
     -4.500    -2.000     9.500 1.91346E-04 4.41585E-02
     -4.500     0.000    -9.500 2.07735E-04 4.29229E-02
     -4.500     0.000    -7.500 2.27689E-04 3.26643E-02
     -4.500     0.000    -4.500 4.24747E-04 2.59891E-02
     -4.500     0.000    -2.000 8.54999E-04 2.35182E-02
     -4.500     0.000     0.000 1.03302E-03 2.16935E-02
     -4.500     0.000     2.000 8.70900E-04 2.34150E-02
     -4.500     0.000     4.500 4.19946E-04 2.58377E-02
     -4.500     0.000     7.500 2.27087E-04 3.26467E-02
     -4.500     0.000     9.500 1.93571E-04 4.43793E-02
     -4.500     2.000    -9.500 1.83441E-04 4.52278E-02
     -4.500     2.000    -7.500 2.07745E-04 3.40754E-02
     -4.500     2.000    -4.500 3.62122E-04 2.76858E-02
     -4.500     2.000    -2.000 7.67043E-04 2.51166E-02
     -4.500     2.000     0.000 8.66317E-04 2.33765E-02
     -4.500     2.000     2.000 7.57027E-04 2.55773E-02
     -4.500     2.000     4.500 3.76583E-04 2.74105E-02
     -4.500     2.000     7.500 2.06182E-04 3.40153E-02
     -4.500     2.000     9.500 1.84670E-04 4.56152E-02
     -4.500     4.500    -9.500 1.63531E-04 4.03518E-02
     -4.500     4.500    -7.500 1.63212E-04 3.17048E-02
     -4.500     4.500    -4.500 2.21455E-04 2.88365E-02
     -4.500     4.500    -2.000 3.86363E-04 2.70995E-02
     -4.500     4.500     0.000 4.22401E-04 2.58637E-02
     -4.500     4.500     2.000 3.69184E-04 2.79325E-02
     -4.500     4.500     4.500 2.16508E-04 2.92004E-02
     -4.500     4.500     7.500 1.58070E-04 3.29897E-02
     -4.500     4.500     9.500 1.45340E-04 4.23896E-02
     -4.500     7.500    -9.500 1.24778E-04 4.73479E-02
     -4.500     7.500    -7.500 1.29111E-04 3.61701E-02
     -4.500     7.500    -4.500 1.60401E-04 3.20927E-02
     -4.500     7.500    -2.000 2.10725E-04 3.39241E-02
     -4.500     7.500     0.000 2.28548E-04 3.25654E-02
     -4.500     7.500     2.000 2.16200E-04 3.33395E-02
     -4.500     7.500     4.500 1.64367E-04 3.21799E-02
     -4.500     7.500     7.500 1.34612E-04 3.58705E-02
     -4.500     7.500     9.500 1.31795E-04 4.62947E-02
     -4.500     9.500    -9.500 1.01814E-04 8.19735E-02
     -4.500     9.500    -7.500 1.20139E-04 4.82695E-02
     -4.500     9.500    -4.500 1.62006E-04 4.04228E-02
     -4.500     9.500    -2.000 1.86302E-04 4.53341E-02
     -4.500     9.500     0.000 1.92532E-04 4.43108E-02
     -4.500     9.500     2.000 1.89852E-04 4.47798E-02
     -4.500     9.500     4.500 1.51062E-04 4.23769E-02
     -4.500     9.500     7.500 1.22837E-04 4.78188E-02
     -4.500     9.500     9.500 1.00903E-04 8.26300E-02
     -2.000    -9.500    -9.500 1.57746E-04 7.50528E-02
     -2.000    -9.500    -7.500 1.70167E-04 4.67307E-02
     -2.000    -9.500    -4.500 2.14791E-04 3.97474E-02
     -2.000    -9.500    -2.000 2.75198E-04 4.22809E-02
     -2.000    -9.500     0.000 2.68912E-04 4.24337E-02
     -2.000    -9.500     2.000 2.90196E-04 4.10906E-02
     -2.000    -9.500     4.500 2.24152E-04 3.91582E-02
     -2.000    -9.500     7.500 1.68284E-04 4.68353E-02
     -2.000    -9.500     9.500 1.30106E-04 7.87920E-02
     -2.000    -7.500    -9.500 1.72157E-04 4.58878E-02
     -2.000    -7.500    -7.500 1.98749E-04 3.35415E-02
     -2.000    -7.500    -4.500 2.63298E-04 2.93449E-02
     -2.000    -7.500    -2.000 3.46085E-04 3.03440E-02
     -2.000    -7.500     0.000 3.46611E-04 3.02816E-02
     -2.000    -7.500     2.000 3.73806E-04 2.92432E-02
     -2.000    -7.500     4.500 2.61435E-04 2.91585E-02
     -2.000    -7.500     7.500 1.91483E-04 3.37277E-02
     -2.000    -7.500     9.500 1.64625E-04 4.73914E-02
     -2.000    -4.500    -9.500 2.29668E-04 3.90848E-02
     -2.000    -4.500    -7.500 2.65644E-04 2.88820E-02
     -2.000    -4.500    -4.500 3.93918E-04 2.50121E-02
     -2.000    -4.500    -2.000 7.05779E-04 2.24475E-02
     -2.000    -4.500     0.000 8.28413E-04 2.12411E-02
     -2.000    -4.500     2.000 6.87495E-04 2.27109E-02
     -2.000    -4.500     4.500 4.06694E-04 2.46220E-02
     -2.000    -4.500     7.500 2.52669E-04 2.95653E-02
     -2.000    -4.500     9.500 2.19462E-04 3.95223E-02
     -2.000    -2.000    -9.500 2.76631E-04 4.27770E-02
     -2.000    -2.000    -7.500 3.67787E-04 2.94338E-02
     -2.000    -2.000    -4.500 7.13890E-04 2.26996E-02
     -2.000    -2.000    -2.000 1.46673E-03 1.98605E-02
     -2.000    -2.000     0.000 1.84884E-03 1.79776E-02
     -2.000    -2.000     2.000 1.45386E-03 1.98845E-02
     -2.000    -2.000     4.500 7.19198E-04 2.25250E-02
     -2.000    -2.000     7.500 3.45346E-04 3.01309E-02
     -2.000    -2.000     9.500 2.72090E-04 4.17081E-02
     -2.000     0.000    -9.500 2.82380E-04 4.18742E-02
     -2.000     0.000    -7.500 3.69456E-04 2.94104E-02
     -2.000     0.000    -4.500 8.29634E-04 2.12312E-02
     -2.000     0.000    -2.000 1.84463E-03 1.78864E-02
     -2.000     0.000     0.000 2.47635E-03 1.51499E-02
     -2.000     0.000     2.000 1.82720E-03 1.77740E-02
     -2.000     0.000     4.500 8.29498E-04 2.15028E-02
     -2.000     0.000     7.500 3.76735E-04 2.92708E-02
     -2.000     0.000     9.500 2.91307E-04 4.10123E-02
     -2.000     2.000    -9.500 2.77427E-04 4.24743E-02
     -2.000     2.000    -7.500 3.51258E-04 3.00875E-02
     -2.000     2.000    -4.500 6.92818E-04 2.28999E-02
     -2.000     2.000    -2.000 1.51768E-03 1.97024E-02
     -2.000     2.000     0.000 1.86528E-03 1.78073E-02
     -2.000     2.000     2.000 1.48873E-03 1.96371E-02
     -2.000     2.000     4.500 7.35271E-04 2.24751E-02
     -2.000     2.000     7.500 3.35947E-04 3.06664E-02
     -2.000     2.000     9.500 2.59513E-04 4.24344E-02
     -2.000     4.500    -9.500 2.00337E-04 4.11589E-02
     -2.000     4.500    -7.500 2.55898E-04 2.95862E-02
     -2.000     4.500    -4.500 3.96712E-04 2.48310E-02
     -2.000     4.500    -2.000 7.21672E-04 2.27227E-02
     -2.000     4.500     0.000 8.08366E-04 2.16029E-02
     -2.000     4.500     2.000 7.12351E-04 2.26408E-02
     -2.000     4.500     4.500 3.93998E-04 2.51975E-02
     -2.000     4.500     7.500 2.43713E-04 3.02197E-02
     -2.000     4.500     9.500 2.12733E-04 4.00810E-02
     -2.000     7.500    -9.500 1.74335E-04 4.69224E-02
     -2.000     7.500    -7.500 1.79059E-04 3.47760E-02
     -2.000     7.500    -4.500 2.60186E-04 2.88879E-02
     -2.000     7.500    -2.000 3.53582E-04 2.98947E-02
     -2.000     7.500     0.000 3.69486E-04 2.93810E-02
     -2.000     7.500     2.000 3.54382E-04 2.98297E-02
     -2.000     7.500     4.500 2.71361E-04 2.85338E-02
     -2.000     7.500     7.500 1.87938E-04 3.42529E-02
     -2.000     7.500     9.500 1.56857E-04 4.80988E-02
     -2.000     9.500    -9.500 1.60145E-04 7.58914E-02
     -2.000     9.500    -7.500 1.83356E-04 4.49840E-02
     -2.000     9.500    -4.500 2.24791E-04 3.87576E-02
     -2.000     9.500    -2.000 2.62402E-04 4.25352E-02
     -2.000     9.500     0.000 2.77609E-04 4.08339E-02
     -2.000     9.500     2.000 2.68733E-04 4.26404E-02
     -2.000     9.500     4.500 2.38738E-04 3.80648E-02
     -2.000     9.500     7.500 1.69899E-04 4.65999E-02
     -2.000     9.500     9.500 1.51125E-04 7.71101E-02
      0.000    -9.500    -9.500 1.86838E-04 6.98364E-02
      0.000    -9.500    -7.500 2.14546E-04 4.16700E-02
      0.000    -9.500    -4.500 2.98161E-04 3.38000E-02
      0.000    -9.500    -2.000 3.51005E-04 3.65344E-02
      0.000    -9.500     0.000 3.82219E-04 3.53259E-02
      0.000    -9.500     2.000 3.46167E-04 3.68838E-02
      0.000    -9.500     4.500 2.89345E-04 3.39738E-02
      0.000    -9.500     7.500 2.22656E-04 4.10171E-02
      0.000    -9.500     9.500 1.90727E-04 6.84170E-02
      0.000    -7.500    -9.500 2.09626E-04 4.16464E-02
      0.000    -7.500    -7.500 2.53977E-04 3.03972E-02
      0.000    -7.500    -4.500 3.62048E-04 2.54349E-02
      0.000    -7.500    -2.000 5.08740E-04 2.57050E-02
      0.000    -7.500     0.000 5.35153E-04 2.51131E-02
      0.000    -7.500     2.000 4.88691E-04 2.59553E-02
      0.000    -7.500     4.500 3.79619E-04 2.50380E-02
      0.000    -7.500     7.500 2.57399E-04 3.02244E-02
      0.000    -7.500     9.500 2.03884E-04 4.18425E-02
      0.000    -4.500    -9.500 3.02432E-04 3.29752E-02
      0.000    -4.500    -7.500 3.79941E-04 2.48515E-02
      0.000    -4.500    -4.500 6.53364E-04 1.95468E-02
      0.000    -4.500    -2.000 1.28546E-03 1.70848E-02
      0.000    -4.500     0.000 1.45381E-03 1.61956E-02
      0.000    -4.500     2.000 1.24965E-03 1.71946E-02
      0.000    -4.500     4.500 6.68287E-04 1.93204E-02
      0.000    -4.500     7.500 3.67570E-04 2.52467E-02
      0.000    -4.500     9.500 2.93617E-04 3.40456E-02
      0.000    -2.000    -9.500 3.62415E-04 3.60457E-02
      0.000    -2.000    -7.500 5.13515E-04 2.54534E-02
      0.000    -2.000    -4.500 1.26222E-03 1.74223E-02
      0.000    -2.000    -2.000 2.97829E-03 1.38978E-02
      0.000    -2.000     0.000 4.31701E-03 1.09835E-02
      0.000    -2.000     2.000 2.96838E-03 1.38173E-02
      0.000    -2.000     4.500 1.27571E-03 1.74442E-02
      0.000    -2.000     7.500 5.02526E-04 2.56887E-02
      0.000    -2.000     9.500 3.69407E-04 3.55328E-02
      0.000     0.000    -9.500 3.62679E-04 3.56052E-02
      0.000     0.000    -7.500 5.32167E-04 2.51092E-02
      0.000     0.000    -4.500 1.44253E-03 1.61474E-02
      0.000     0.000    -2.000 4.35681E-03 1.09455E-02
      0.000     0.000     0.000 2.60453E-01 2.32781E-04
      0.000     0.000     2.000 4.36627E-03 1.08851E-02
      0.000     0.000     4.500 1.44588E-03 1.61299E-02
      0.000     0.000     7.500 5.64417E-04 2.45617E-02
      0.000     0.000     9.500 4.01787E-04 3.41842E-02
      0.000     2.000    -9.500 3.53013E-04 3.64925E-02
      0.000     2.000    -7.500 5.16482E-04 2.53987E-02
      0.000     2.000    -4.500 1.25505E-03 1.74027E-02
      0.000     2.000    -2.000 2.95541E-03 1.37620E-02
      0.000     2.000     0.000 4.33570E-03 1.10822E-02
      0.000     2.000     2.000 2.90425E-03 1.38102E-02
      0.000     2.000     4.500 1.22619E-03 1.75011E-02
      0.000     2.000     7.500 4.77644E-04 2.65541E-02
      0.000     2.000     9.500 3.43498E-04 3.70795E-02
      0.000     4.500    -9.500 2.92583E-04 3.39080E-02
      0.000     4.500    -7.500 3.59037E-04 2.53500E-02
      0.000     4.500    -4.500 6.74437E-04 1.95616E-02
      0.000     4.500    -2.000 1.22055E-03 1.75006E-02
      0.000     4.500     0.000 1.45769E-03 1.62382E-02
      0.000     4.500     2.000 1.26264E-03 1.73235E-02
      0.000     4.500     4.500 6.53559E-04 1.97126E-02
      0.000     4.500     7.500 3.72036E-04 2.53228E-02
      0.000     4.500     9.500 2.89850E-04 3.40680E-02
      0.000     7.500    -9.500 2.11346E-04 4.11129E-02
      0.000     7.500    -7.500 2.59140E-04 2.99381E-02
      0.000     7.500    -4.500 3.60827E-04 2.53944E-02
      0.000     7.500    -2.000 4.96796E-04 2.59950E-02
      0.000     7.500     0.000 5.53182E-04 2.48550E-02
      0.000     7.500     2.000 4.92526E-04 2.58550E-02
      0.000     7.500     4.500 3.82587E-04 2.48714E-02
      0.000     7.500     7.500 2.40575E-04 3.10033E-02
      0.000     7.500     9.500 2.00703E-04 4.18189E-02
      0.000     9.500    -9.500 1.79249E-04 6.78677E-02
      0.000     9.500    -7.500 2.09458E-04 4.15063E-02
      0.000     9.500    -4.500 2.70785E-04 3.51711E-02
      0.000     9.500    -2.000 3.51582E-04 3.65575E-02
      0.000     9.500     0.000 3.71014E-04 3.54975E-02
      0.000     9.500     2.000 3.41450E-04 3.72252E-02
      0.000     9.500     4.500 3.10530E-04 3.30241E-02
      0.000     9.500     7.500 2.04075E-04 4.22613E-02
      0.000     9.500     9.500 1.72466E-04 7.22559E-02
      2.000    -9.500    -9.500 2.03447E-04 6.62496E-02
      2.000    -9.500    -7.500 2.33777E-04 3.94244E-02
      2.000    -9.500    -4.500 3.56490E-04 3.04366E-02
      2.000    -9.500    -2.000 4.27197E-04 3.30979E-02
      2.000    -9.500     0.000 4.64413E-04 3.13655E-02
      2.000    -9.500     2.000 4.02568E-04 3.39441E-02
      2.000    -9.500     4.500 3.60644E-04 3.02113E-02
      2.000    -9.500     7.500 2.41990E-04 3.88001E-02
      2.000    -9.500     9.500 2.00925E-04 6.61874E-02
      2.000    -7.500    -9.500 2.52549E-04 3.77041E-02
      2.000    -7.500    -7.500 3.04645E-04 2.81546E-02
      2.000    -7.500    -4.500 4.86999E-04 2.23128E-02
      2.000    -7.500    -2.000 6.61304E-04 2.28082E-02
      2.000    -7.500     0.000 7.22192E-04 2.20319E-02
      2.000    -7.500     2.000 6.67164E-04 2.26495E-02
      2.000    -7.500     4.500 4.98515E-04 2.21448E-02
      2.000    -7.500     7.500 3.08159E-04 2.80915E-02
      2.000    -7.500     9.500 2.44225E-04 3.84301E-02
      2.000    -4.500    -9.500 3.63533E-04 3.01973E-02
      2.000    -4.500    -7.500 4.90042E-04 2.22225E-02
      2.000    -4.500    -4.500 1.00699E-03 1.59842E-02
      2.000    -4.500    -2.000 1.98687E-03 1.36910E-02
      2.000    -4.500     0.000 2.37059E-03 1.25563E-02
      2.000    -4.500     2.000 2.03440E-03 1.36341E-02
      2.000    -4.500     4.500 9.87778E-04 1.61742E-02
      2.000    -4.500     7.500 4.75902E-04 2.25593E-02
      2.000    -4.500     9.500 3.62880E-04 3.03184E-02
      2.000    -2.000    -9.500 4.33666E-04 3.29825E-02
      2.000    -2.000    -7.500 7.05047E-04 2.21791E-02
      2.000    -2.000    -4.500 2.01176E-03 1.36883E-02
      2.000    -2.000    -2.000 5.97317E-03 9.33957E-03
      2.000    -2.000     0.000 1.07761E-02 6.55865E-03
      2.000    -2.000     2.000 5.88747E-03 9.38553E-03
      2.000    -2.000     4.500 1.97409E-03 1.38106E-02
      2.000    -2.000     7.500 6.73858E-04 2.25655E-02
      2.000    -2.000     9.500 4.39603E-04 3.26333E-02
      2.000     0.000    -9.500 4.70225E-04 3.13005E-02
      2.000     0.000    -7.500 7.46368E-04 2.16806E-02
      2.000     0.000    -4.500 2.47653E-03 1.24103E-02
      2.000     0.000    -2.000 1.07903E-02 6.54248E-03
      2.000     0.000     0.000 4.81187E-01 2.45037E-04
      2.000     0.000     2.000 1.06843E-02 6.56209E-03
      2.000     0.000     4.500 2.39498E-03 1.25249E-02
      2.000     0.000     7.500 7.58414E-04 2.14664E-02
      2.000     0.000     9.500 4.69900E-04 3.12830E-02
      2.000     2.000    -9.500 4.12782E-04 3.35179E-02
      2.000     2.000    -7.500 6.65976E-04 2.26908E-02
      2.000     2.000    -4.500 1.99732E-03 1.38133E-02
      2.000     2.000    -2.000 5.92361E-03 9.35769E-03
      2.000     2.000     0.000 1.06734E-02 6.61039E-03
      2.000     2.000     2.000 5.93636E-03 9.40475E-03
      2.000     2.000     4.500 1.95368E-03 1.38929E-02
      2.000     2.000     7.500 6.56692E-04 2.29452E-02
      2.000     2.000     9.500 4.22362E-04 3.30385E-02
      2.000     4.500    -9.500 3.55322E-04 3.06009E-02
      2.000     4.500    -7.500 4.74793E-04 2.25657E-02
      2.000     4.500    -4.500 9.86303E-04 1.61925E-02
      2.000     4.500    -2.000 1.97693E-03 1.38015E-02
      2.000     4.500     0.000 2.43292E-03 1.24595E-02
      2.000     4.500     2.000 1.93265E-03 1.38026E-02
      2.000     4.500     4.500 9.59122E-04 1.64241E-02
      2.000     4.500     7.500 4.65030E-04 2.28345E-02
      2.000     4.500     9.500 3.38699E-04 3.14573E-02
      2.000     7.500    -9.500 2.40353E-04 3.88041E-02
      2.000     7.500    -7.500 3.10977E-04 2.78941E-02
      2.000     7.500    -4.500 4.80663E-04 2.23828E-02
      2.000     7.500    -2.000 6.67260E-04 2.28027E-02
      2.000     7.500     0.000 7.17812E-04 2.20457E-02
      2.000     7.500     2.000 6.60125E-04 2.29568E-02
      2.000     7.500     4.500 4.77842E-04 2.25072E-02
      2.000     7.500     7.500 2.99172E-04 2.83445E-02
      2.000     7.500     9.500 2.38905E-04 3.86126E-02
      2.000     9.500    -9.500 2.01257E-04 6.50133E-02
      2.000     9.500    -7.500 2.54752E-04 3.75871E-02
      2.000     9.500    -4.500 3.46215E-04 3.06616E-02
      2.000     9.500    -2.000 4.28279E-04 3.33460E-02
      2.000     9.500     0.000 4.64774E-04 3.17177E-02
      2.000     9.500     2.000 4.22030E-04 3.33076E-02
      2.000     9.500     4.500 3.53627E-04 3.06401E-02
      2.000     9.500     7.500 2.42709E-04 3.84824E-02
      2.000     9.500     9.500 2.05609E-04 6.53294E-02
      4.500    -9.500    -9.500 2.07774E-04 5.43952E-02
      4.500    -9.500    -7.500 2.73602E-04 3.01201E-02
      4.500    -9.500    -4.500 3.90276E-04 2.43277E-02
      4.500    -9.500    -2.000 5.00995E-04 2.56389E-02
      4.500    -9.500     0.000 5.27753E-04 2.51276E-02
      4.500    -9.500     2.000 4.87449E-04 2.58712E-02
      4.500    -9.500     4.500 4.03398E-04 2.40028E-02
      4.500    -9.500     7.500 2.76334E-04 3.00508E-02
      4.500    -9.500     9.500 2.21275E-04 5.24063E-02
      4.500    -7.500    -9.500 2.74364E-04 3.02918E-02
      4.500    -7.500    -7.500 3.43777E-04 2.25372E-02
      4.500    -7.500    -4.500 5.66445E-04 1.76352E-02
      4.500    -7.500    -2.000 8.01725E-04 1.76459E-02
      4.500    -7.500     0.000 8.56936E-04 1.73187E-02
      4.500    -7.500     2.000 7.87784E-04 1.79093E-02
      4.500    -7.500     4.500 5.57636E-04 1.77476E-02
      4.500    -7.500     7.500 3.50614E-04 2.23348E-02
      4.500    -7.500     9.500 2.85067E-04 2.98076E-02
      4.500    -4.500    -9.500 4.13148E-04 2.39001E-02
      4.500    -4.500    -7.500 5.54872E-04 1.77385E-02
      4.500    -4.500    -4.500 1.20581E-03 1.22412E-02
      4.500    -4.500    -2.000 2.39784E-03 1.03291E-02
      4.500    -4.500     0.000 2.91824E-03 9.43306E-03
      4.500    -4.500     2.000 2.36580E-03 1.04229E-02
      4.500    -4.500     4.500 1.17318E-03 1.24259E-02
      4.500    -4.500     7.500 5.44074E-04 1.79796E-02
      4.500    -4.500     9.500 3.66188E-04 2.48204E-02
      4.500    -2.000    -9.500 4.88760E-04 2.60699E-02
      4.500    -2.000    -7.500 7.97351E-04 1.77420E-02
      4.500    -2.000    -4.500 2.37315E-03 1.03674E-02
      4.500    -2.000    -2.000 7.37887E-03 6.81476E-03
      4.500    -2.000     0.000 1.34292E-02 4.88244E-03
      4.500    -2.000     2.000 7.34204E-03 6.83734E-03
      4.500    -2.000     4.500 2.35550E-03 1.04245E-02
      4.500    -2.000     7.500 7.75613E-04 1.80519E-02
      4.500    -2.000     9.500 4.74361E-04 2.63819E-02
      4.500     0.000    -9.500 5.43635E-04 2.46780E-02
      4.500     0.000    -7.500 8.74679E-04 1.70971E-02
      4.500     0.000    -4.500 2.96937E-03 9.35673E-03
      4.500     0.000    -2.000 1.34462E-02 4.90663E-03
      4.500     0.000     0.000 3.90378E-01 4.85358E-04
      4.500     0.000     2.000 1.33533E-02 4.91133E-03
      4.500     0.000     4.500 2.94993E-03 9.40074E-03
      4.500     0.000     7.500 8.67507E-04 1.72335E-02
      4.500     0.000     9.500 5.29461E-04 2.48921E-02
      4.500     2.000    -9.500 5.05174E-04 2.54196E-02
      4.500     2.000    -7.500 7.91640E-04 1.78622E-02
      4.500     2.000    -4.500 2.37792E-03 1.03843E-02
      4.500     2.000    -2.000 7.40493E-03 6.81903E-03
      4.500     2.000     0.000 1.33503E-02 4.90291E-03
      4.500     2.000     2.000 7.42395E-03 6.79915E-03
      4.500     2.000     4.500 2.35313E-03 1.04424E-02
      4.500     2.000     7.500 7.78424E-04 1.80010E-02
      4.500     2.000     9.500 4.97657E-04 2.55881E-02
      4.500     4.500    -9.500 4.03963E-04 2.39432E-02
      4.500     4.500    -7.500 5.63996E-04 1.76625E-02
      4.500     4.500    -4.500 1.19911E-03 1.22261E-02
      4.500     4.500    -2.000 2.40158E-03 1.03379E-02
      4.500     4.500     0.000 2.91821E-03 9.41484E-03
      4.500     4.500     2.000 2.32744E-03 1.04188E-02
      4.500     4.500     4.500 1.21486E-03 1.22635E-02
      4.500     4.500     7.500 5.73899E-04 1.75433E-02
      4.500     4.500     9.500 3.95631E-04 2.41423E-02
      4.500     7.500    -9.500 2.85176E-04 2.96911E-02
      4.500     7.500    -7.500 3.45996E-04 2.24647E-02
      4.500     7.500    -4.500 5.57454E-04 1.77719E-02
      4.500     7.500    -2.000 7.87302E-04 1.79225E-02
      4.500     7.500     0.000 8.52364E-04 1.74277E-02
      4.500     7.500     2.000 7.55008E-04 1.82717E-02
      4.500     7.500     4.500 5.43963E-04 1.80518E-02
      4.500     7.500     7.500 3.59034E-04 2.22023E-02
      4.500     7.500     9.500 2.76180E-04 3.01150E-02
      4.500     9.500    -9.500 2.04453E-04 5.33896E-02
      4.500     9.500    -7.500 2.75312E-04 3.01276E-02
      4.500     9.500    -4.500 3.83118E-04 2.42931E-02
      4.500     9.500    -2.000 5.09977E-04 2.52711E-02
      4.500     9.500     0.000 5.17415E-04 2.48744E-02
      4.500     9.500     2.000 4.84761E-04 2.59733E-02
      4.500     9.500     4.500 3.83062E-04 2.45745E-02
      4.500     9.500     7.500 2.86588E-04 2.98530E-02
      4.500     9.500     9.500 2.39814E-04 5.02504E-02
      7.500    -9.500    -9.500 2.52492E-04 4.90853E-02
      7.500    -9.500    -7.500 3.70643E-04 2.64264E-02
      7.500    -9.500    -4.500 5.11102E-04 2.14980E-02
      7.500    -9.500    -2.000 5.99128E-04 2.38967E-02
      7.500    -9.500     0.000 6.38834E-04 2.31535E-02
      7.500    -9.500     2.000 6.12535E-04 2.37390E-02
      7.500    -9.500     4.500 4.94760E-04 2.19171E-02
      7.500    -9.500     7.500 3.45187E-04 2.72673E-02
      7.500    -9.500     9.500 2.85240E-04 4.54616E-02
      7.500    -7.500    -9.500 3.42156E-04 2.74801E-02
      7.500    -7.500    -7.500 4.65278E-04 1.94382E-02
      7.500    -7.500    -4.500 7.68101E-04 1.53121E-02
      7.500    -7.500    -2.000 9.97738E-04 1.61652E-02
      7.500    -7.500     0.000 1.07089E-03 1.58913E-02
      7.500    -7.500     2.000 1.01805E-03 1.60984E-02
      7.500    -7.500     4.500 7.36425E-04 1.56843E-02
      7.500    -7.500     7.500 4.59989E-04 1.97361E-02
      7.500    -7.500     9.500 3.37397E-04 2.74293E-02
      7.500    -4.500    -9.500 4.82380E-04 2.23211E-02
      7.500    -4.500    -7.500 7.37204E-04 1.56427E-02
      7.500    -4.500    -4.500 1.50395E-03 1.10837E-02
      7.500    -4.500    -2.000 2.54235E-03 1.01647E-02
      7.500    -4.500     0.000 2.91375E-03 9.58163E-03
      7.500    -4.500     2.000 2.50238E-03 1.02124E-02
      7.500    -4.500     4.500 1.45672E-03 1.11756E-02
      7.500    -4.500     7.500 7.30650E-04 1.56259E-02
      7.500    -4.500     9.500 4.96208E-04 2.19789E-02
      7.500    -2.000    -9.500 6.15972E-04 2.37074E-02
      7.500    -2.000    -7.500 1.00670E-03 1.61750E-02
      7.500    -2.000    -4.500 2.48141E-03 1.02587E-02
      7.500    -2.000    -2.000 5.85611E-03 7.81279E-03
      7.500    -2.000     0.000 8.83818E-03 6.37639E-03
      7.500    -2.000     2.000 5.92578E-03 7.78694E-03
      7.500    -2.000     4.500 2.50440E-03 1.02148E-02
      7.500    -2.000     7.500 9.78585E-04 1.63103E-02
      7.500    -2.000     9.500 5.89440E-04 2.40904E-02
      7.500     0.000    -9.500 6.36195E-04 2.31509E-02
      7.500     0.000    -7.500 1.10100E-03 1.56359E-02
      7.500     0.000    -4.500 2.98138E-03 9.52034E-03
      7.500     0.000    -2.000 8.81686E-03 6.37987E-03
      7.500     0.000     0.000 3.22877E-01 7.26572E-04
      7.500     0.000     2.000 8.79067E-03 6.37973E-03
      7.500     0.000     4.500 2.98083E-03 9.49421E-03
      7.500     0.000     7.500 1.07358E-03 1.58528E-02
      7.500     0.000     9.500 6.47410E-04 2.30022E-02
      7.500     2.000    -9.500 5.94472E-04 2.41515E-02
      7.500     2.000    -7.500 9.78842E-04 1.63919E-02
      7.500     2.000    -4.500 2.44434E-03 1.03153E-02
      7.500     2.000    -2.000 5.85275E-03 7.81675E-03
      7.500     2.000     0.000 8.79051E-03 6.38486E-03
      7.500     2.000     2.000 5.78729E-03 7.86548E-03
      7.500     2.000     4.500 2.44387E-03 1.03131E-02
      7.500     2.000     7.500 9.91238E-04 1.63112E-02
      7.500     2.000     9.500 5.91742E-04 2.40579E-02
      7.500     4.500    -9.500 4.90054E-04 2.21052E-02
      7.500     4.500    -7.500 7.53340E-04 1.54784E-02
      7.500     4.500    -4.500 1.49947E-03 1.10855E-02
      7.500     4.500    -2.000 2.48981E-03 1.02699E-02
      7.500     4.500     0.000 2.90095E-03 9.63313E-03
      7.500     4.500     2.000 2.44729E-03 1.02841E-02
      7.500     4.500     4.500 1.51189E-03 1.10237E-02
      7.500     4.500     7.500 7.47954E-04 1.54821E-02
      7.500     4.500     9.500 5.07632E-04 2.16906E-02
      7.500     7.500    -9.500 3.53193E-04 2.67228E-02
      7.500     7.500    -7.500 4.80661E-04 1.93120E-02
      7.500     7.500    -4.500 7.43309E-04 1.54736E-02
      7.500     7.500    -2.000 9.88857E-04 1.62492E-02
      7.500     7.500     0.000 1.10196E-03 1.56673E-02
      7.500     7.500     2.000 9.80373E-04 1.64256E-02
      7.500     7.500     4.500 7.34588E-04 1.55766E-02
      7.500     7.500     7.500 4.81059E-04 1.91807E-02
      7.500     7.500     9.500 3.65242E-04 2.63615E-02
      7.500     9.500    -9.500 2.97458E-04 4.56506E-02
      7.500     9.500    -7.500 3.46875E-04 2.70893E-02
      7.500     9.500    -4.500 5.08953E-04 2.16692E-02
      7.500     9.500    -2.000 5.87319E-04 2.42461E-02
      7.500     9.500     0.000 6.56046E-04 2.28455E-02
      7.500     9.500     2.000 5.92554E-04 2.41022E-02
      7.500     9.500     4.500 4.93343E-04 2.21235E-02
      7.500     9.500     7.500 3.43243E-04 2.72551E-02
      7.500     9.500     9.500 2.87149E-04 4.54302E-02
      9.500    -9.500    -9.500 3.24074E-04 6.87222E-02
      9.500    -9.500    -7.500 4.23277E-04 3.89770E-02
      9.500    -9.500    -4.500 5.91814E-04 3.17159E-02
      9.500    -9.500    -2.000 6.95064E-04 3.52080E-02
      9.500    -9.500     0.000 7.30198E-04 3.39404E-02
      9.500    -9.500     2.000 7.01593E-04 3.50265E-02
      9.500    -9.500     4.500 5.70267E-04 3.23543E-02
      9.500    -9.500     7.500 4.08381E-04 3.94784E-02
      9.500    -9.500     9.500 3.46749E-04 6.92977E-02
      9.500    -7.500    -9.500 4.31631E-04 3.85105E-02
      9.500    -7.500    -7.500 5.63620E-04 2.30069E-02
      9.500    -7.500    -4.500 8.77048E-04 1.77871E-02
      9.500    -7.500    -2.000 1.11465E-03 1.87916E-02
      9.500    -7.500     0.000 1.15273E-03 1.85606E-02
      9.500    -7.500     2.000 1.07869E-03 1.92002E-02
      9.500    -7.500     4.500 8.22599E-04 1.83134E-02
      9.500    -7.500     7.500 5.43860E-04 2.33588E-02
      9.500    -7.500     9.500 4.05976E-04 3.97648E-02
      9.500    -4.500    -9.500 5.66402E-04 3.28670E-02
      9.500    -4.500    -7.500 8.43881E-04 1.80374E-02
      9.500    -4.500    -4.500 1.54489E-03 1.26364E-02
      9.500    -4.500    -2.000 2.36337E-03 1.19741E-02
      9.500    -4.500     0.000 2.69083E-03 1.11758E-02
      9.500    -4.500     2.000 2.31568E-03 1.21330E-02
      9.500    -4.500     4.500 1.54253E-03 1.26783E-02
      9.500    -4.500     7.500 8.35521E-04 1.81613E-02
      9.500    -4.500     9.500 5.98063E-04 3.17162E-02
      9.500    -2.000    -9.500 6.98842E-04 3.53765E-02
      9.500    -2.000    -7.500 1.07360E-03 1.91536E-02
      9.500    -2.000    -4.500 2.28151E-03 1.22103E-02
      9.500    -2.000    -2.000 4.59967E-03 9.95244E-03
      9.500    -2.000     0.000 6.00731E-03 8.58968E-03
      9.500    -2.000     2.000 4.59490E-03 9.94593E-03
      9.500    -2.000     4.500 2.33242E-03 1.20658E-02
      9.500    -2.000     7.500 1.09135E-03 1.90898E-02
      9.500    -2.000     9.500 6.47658E-04 3.57645E-02
      9.500     0.000    -9.500 7.41777E-04 3.39646E-02
      9.500     0.000    -7.500 1.18231E-03 1.83111E-02
      9.500     0.000    -4.500 2.67676E-03 1.11871E-02
      9.500     0.000    -2.000 6.01089E-03 8.58321E-03
      9.500     0.000     0.000 3.13269E-01 7.70697E-04
      9.500     0.000     2.000 5.98683E-03 8.59727E-03
      9.500     0.000     4.500 2.69248E-03 1.11726E-02
      9.500     0.000     7.500 1.17510E-03 1.84013E-02
      9.500     0.000     9.500 7.39942E-04 3.41792E-02
      9.500     2.000    -9.500 6.80599E-04 3.55517E-02
      9.500     2.000    -7.500 1.05333E-03 1.92176E-02
      9.500     2.000    -4.500 2.32662E-03 1.20815E-02
      9.500     2.000    -2.000 4.61502E-03 9.93593E-03
      9.500     2.000     0.000 6.01522E-03 8.57556E-03
      9.500     2.000     2.000 4.53923E-03 1.00120E-02
      9.500     2.000     4.500 2.29792E-03 1.21564E-02
      9.500     2.000     7.500 1.07974E-03 1.91013E-02
      9.500     2.000     9.500 6.91560E-04 3.53406E-02
      9.500     4.500    -9.500 5.69833E-04 3.22395E-02
      9.500     4.500    -7.500 8.45239E-04 1.81431E-02
      9.500     4.500    -4.500 1.50715E-03 1.27880E-02
      9.500     4.500    -2.000 2.31799E-03 1.21117E-02
      9.500     4.500     0.000 2.60154E-03 1.13398E-02
      9.500     4.500     2.000 2.29462E-03 1.21808E-02
      9.500     4.500     4.500 1.52335E-03 1.27517E-02
      9.500     4.500     7.500 8.55468E-04 1.80674E-02
      9.500     4.500     9.500 5.52526E-04 3.29843E-02
      9.500     7.500    -9.500 4.46579E-04 3.76381E-02
      9.500     7.500    -7.500 5.69408E-04 2.27171E-02
      9.500     7.500    -4.500 8.67244E-04 1.78942E-02
      9.500     7.500    -2.000 1.09655E-03 1.89781E-02
      9.500     7.500     0.000 1.19607E-03 1.81971E-02
      9.500     7.500     2.000 1.05784E-03 1.92118E-02
      9.500     7.500     4.500 8.48317E-04 1.80450E-02
      9.500     7.500     7.500 5.64957E-04 2.28875E-02
      9.500     7.500     9.500 4.04476E-04 3.97090E-02
      9.500     9.500    -9.500 3.71331E-04 6.49580E-02
      9.500     9.500    -7.500 4.36787E-04 3.80768E-02
      9.500     9.500    -4.500 5.94730E-04 3.14453E-02
      9.500     9.500    -2.000 6.78021E-04 3.58631E-02
      9.500     9.500     0.000 7.51532E-04 3.36876E-02
      9.500     9.500     2.000 6.98789E-04 3.53717E-02
      9.500     9.500     4.500 5.92504E-04 3.20511E-02
      9.500     9.500     7.500 4.48164E-04 3.78127E-02
      9.500     9.500     9.500 3.69982E-04 6.59671E-02
