                                       2       10000          10000
 beams in z-direction at point on plane with cosine tally                       
ntal     1
    1
tally    1    2    0
f        1
      3
d        1
u        0
s        0
m        0
ct       7
  7.50000E-01  8.00000E-01  9.00000E-01  9.50000E-01  9.90000E-01  1.00000E+00
e        0
t        0
vals
  0.00000E+00 0.0000  2.00800E-01 0.0200  2.00100E-01 0.0200  2.00200E-01 0.0200
  2.01200E-01 0.0199  1.97700E-01 0.0201  1.00000E+00 0.0000
tfc   10       1       1       1       1       1       7       1       1
       1000  1.00000E+00  0.00000E+00
       2000  1.00000E+00  0.00000E+00
       3000  1.00000E+00  0.00000E+00
       4000  1.00000E+00  0.00000E+00
       5000  1.00000E+00  0.00000E+00
       6000  1.00000E+00  0.00000E+00
       7000  1.00000E+00  0.00000E+00
       8000  1.00000E+00  0.00000E+00
       9000  1.00000E+00  0.00000E+00
      10000  1.00000E+00  0.00000E+00
