c V19 TEST PROBLEM/AVATAR WEIGHT WINDOW GENERATOR
c TEST DXTRAN
c AVATAR GENERATED WEIGHT WINDOWS FOR F4 TALLY
c <AVR14>
c X=1
1    1 -1 1  -2  13 -14 17 -18  
2    1 -1 2  -3  13 -14 17 -18 
3    1 -1 3  -4  13 -14 17 -18 
4    1 -1 4  -5  13 -14 17 -18
5    1 -1 5  -6  13 -14 17 -18
6    1 -1 6  -7  13 -14 17 -18
7    1 -1 7  -8  13 -14 17 -18
8    1 -1 8  -9  13 -14 17 -18
9    1 -1 9  -10 13 -14 17 -18
10   1 -1 10 -11 13 -14 17 -18
11   1 -1 1  -2  14 -15 17 -18  
12   1 -1 2  -3  14 -15 17 -18 
13   1 -1 3  -4  14 -15 17 -18 
14   1 -1 4  -5  14 -15 17 -18
15   1 -1 5  -6  14 -15 17 -18
16   1 -1 6  -7  14 -15 17 -18
17   1 -1 7  -8  14 -15 17 -18
18   1 -1 8  -9  14 -15 17 -18
19   1 -1 9  -10 14 -15 17 -18
20   1 -1 10 -11 14 -15 17 -18
21   1 -1 1  -2  15 -16 17 -18  
22   1 -1 2  -3  15 -16 17 -18 
23   1 -1 3  -4  15 -16 17 -18 
24   1 -1 4  -5  15 -16 17 -18
25   1 -1 5  -6  15 -16 17 -18
26   1 -1 6  -7  15 -16 17 -18
27   1 -1 7  -8  15 -16 17 -18
28   1 -1 8  -9  15 -16 17 -18
29   1 -1 9  -10 15 -16 17 -18
30   1 -1 10 -11 15 -16 17 -18
c X=2
31   1 -1 1  -2  13 -14 18 -19  
32   1 -1 2  -3  13 -14 18 -19 
33   1 -1 3  -4  13 -14 18 -19 
34   1 -1 4  -5  13 -14 18 -19
35   1 -1 5  -6  13 -14 18 -19
36   1 -1 6  -7  13 -14 18 -19
37   1 -1 7  -8  13 -14 18 -19
38   1 -1 8  -9  13 -14 18 -19
39   1 -1 9  -10 13 -14 18 -19
40   1 -1 10 -11 13 -14 18 -19
41   1 -1 1  -2  14 -15 18 -19 $SOURCE
42   1 -1 2  -3  14 -15 18 -19 
43   1 -1 3  -4  14 -15 18 -19 
44   1 -1 4  -5  14 -15 18 -19
45   1 -1 5  -6  14 -15 18 -19
46   1 -1 6  -7  14 -15 18 -19
47   1 -1 7  -8  14 -15 18 -19 $TALLY
48   1 -1 8  -9  14 -15 18 -19
49   1 -1 9  -10 14 -15 18 -19
50   1 -1 10 -11 14 -15 18 -19
51   1 -1 1  -2  15 -16 18 -19  
52   1 -1 2  -3  15 -16 18 -19 
53   1 -1 3  -4  15 -16 18 -19 
54   1 -1 4  -5  15 -16 18 -19
55   1 -1 5  -6  15 -16 18 -19
56   1 -1 6  -7  15 -16 18 -19
57   1 -1 7  -8  15 -16 18 -19
58   1 -1 8  -9  15 -16 18 -19
59   1 -1 9  -10 15 -16 18 -19
60   1 -1 10 -11 15 -16 18 -19
c X=3
61   1 -1 1  -2  13 -14 19 -20 
62   1 -1 2  -3  13 -14 19 -20 
63   1 -1 3  -4  13 -14 19 -20 
64   1 -1 4  -5  13 -14 19 -20 
65   1 -1 5  -6  13 -14 19 -20 
66   1 -1 6  -7  13 -14 19 -20 
67   1 -1 7  -8  13 -14 19 -20 
68   1 -1 8  -9  13 -14 19 -20 
69   1 -1 9  -10 13 -14 19 -20 
70   1 -1 10 -11 13 -14 19 -20 
71   1 -1 1  -2  14 -15 19 -20 
72   1 -1 2  -3  14 -15 19 -20 
73   1 -1 3  -4  14 -15 19 -20 
74   1 -1 4  -5  14 -15 19 -20 
75   1 -1 5  -6  14 -15 19 -20 
76   1 -1 6  -7  14 -15 19 -20 
77   1 -1 7  -8  14 -15 19 -20 
78   1 -1 8  -9  14 -15 19 -20 
79   1 -1 9  -10 14 -15 19 -20 
80   1 -1 10 -11 14 -15 19 -20 
81   1 -1 1  -2  15 -16 19 -20 
82   1 -1 2  -3  15 -16 19 -20 
83   1 -1 3  -4  15 -16 19 -20 
84   1 -1 4  -5  15 -16 19 -20 
85   1 -1 5  -6  15 -16 19 -20 
86   1 -1 6  -7  15 -16 19 -20 
87   1 -1 7  -8  15 -16 19 -20 
88   1 -1 8  -9  15 -16 19 -20 
89   1 -1 9  -10 15 -16 19 -20 
90   1 -1 10 -11 15 -16 19 -20 
c WORLD
91   0    11:-1:-13:16:-17:20

1    pz 0
2    pz 1
3    pz 2
4    pz 3
5    pz 4
6    pz 5
7    pz 6
8    pz 7
9    pz 8
10   pz 9
11   pz 10
12   pz 11
13   px -1.5
14   px -.5 
15   px .5 
16   px 1.5 
17   py -1.5 
18   py -.5 
19   py .5 
20   py 1.5 

mode   p
dbcn   29j  13j   0
imp:p  1 1 1 1 1 1 1 1 1 1 1 1 1 1 1 1 1 1 1 1
       1 1 1 1 1 1 1 1 1 1 1 1 1 1 1 1 1 1 1 1
       1 1 1 1 1 1 1 1 1 1 1 1 1 1 1 1 1 1 1 1
       1 1 1 1 1 1 1 1 1 1 1 1 1 1 1 1 1 1 1 1
       1 1 1 1 1 1 1 1 1 1 0
m1     1000.02p .667 8000.02p .333
sdef   erg=1.0 pos=1e-6 1e-7 0 sur=1
f4:p   47
wwg 4 0
mesh ref= 1e-6 1e-7 0
wwp:p 5 3 5 0 -1
dxt:p  0 0 6.5 .71 1
nps   100000
phys:p j 1 2j 1
prdmp  2j -1
print
