                                       2     1000000        6904426
 cd-109 (88keV) source inside of silicon                                        
ntal     2
   14   18
tally   14    2    0
f        1
      2
d        1
u        0
s        0
m        0
c        0
et       5
  0.00000E+00  6.25000E-02  6.75000E-02  1.00000E-01
t        0
vals
  0.00000E+00 0.0000  7.12197E-03 0.0107  2.23266E-02 0.0064  7.17175E-01 0.0002
  7.46624E-01 0.0003
tfc   10       1       1       1       1       1       1       5       1
     100000  7.46458E-01  8.56975E-04
     200000  7.45868E-01  6.06351E-04
     300000  7.46344E-01  4.95448E-04
     400000  7.46466E-01  4.29494E-04
     500000  7.46555E-01  3.83977E-04
     600000  7.46512E-01  3.50237E-04
     700000  7.46624E-01  3.24164E-04
     800000  7.46649E-01  3.03418E-04
     900000  7.46621E-01  2.86234E-04
    1000000  7.46624E-01  2.71665E-04
tally   18    2    0
f        1
      2
d        1
u        0
s        0
m        0
c        0
et       6
  0.00000E+00  1.00000E-10  2.00000E-02  2.50000E-02  1.00000E-01
t        0
vals
  0.00000E+00 0.0000  7.80579E-01 0.0005  1.29891E-01 0.0026  2.34610E-02 0.0065
  6.60690E-02 0.0038  1.00000E+00 0.0000
tfc   10       1       1       1       1       1       1       6       1
     100000  1.00000E+00  0.00000E+00
     200000  1.00000E+00  0.00000E+00
     300000  1.00000E+00  0.00000E+00
     400000  1.00000E+00  0.00000E+00
     500000  1.00000E+00  0.00000E+00
     600000  1.00000E+00  0.00000E+00
     700000  1.00000E+00  0.00000E+00
     800000  1.00000E+00  0.00000E+00
     900000  1.00000E+00  0.00000E+00
    1000000  1.00000E+00  0.00000E+00
