                                       2       59697        1905784
 two HEU spheres                                                                
ntal     0

kcode   60   10   19
 8.32079E-01 8.28403E-01 8.07452E-01 4.99141E-01 5.00200E-01
 0.00000E+00 0.00000E+00 0.00000E+00 0.00000E+00 0.00000E+00
 0.00000E+00 0.00000E+00 0.00000E+00 6.10447E-01 4.06628E-03
 0.00000E+00 0.00000E+00 1.00000E+03 0.00000E+00
 6.88247E-01 6.93160E-01 6.93868E-01 3.94013E-01 3.93170E-01
 0.00000E+00 0.00000E+00 0.00000E+00 0.00000E+00 0.00000E+00
 0.00000E+00 0.00000E+00 0.00000E+00 6.06941E-01 2.13412E-03
 0.00000E+00 0.00000E+00 8.22000E+02 0.00000E+00
 6.16600E-01 6.17691E-01 6.33716E-01 3.66362E-01 3.65228E-01
 0.00000E+00 0.00000E+00 0.00000E+00 0.00000E+00 0.00000E+00
 0.00000E+00 0.00000E+00 0.00000E+00 6.05104E-01 1.56460E-03
 0.00000E+00 0.00000E+00 8.12000E+02 0.00000E+00
 6.28006E-01 6.32602E-01 6.11136E-01 3.55899E-01 3.56846E-01
 0.00000E+00 0.00000E+00 0.00000E+00 0.00000E+00 0.00000E+00
 0.00000E+00 0.00000E+00 0.00000E+00 6.04642E-01 1.51223E-03
 0.00000E+00 0.00000E+00 9.15000E+02 0.00000E+00
 6.40961E-01 6.38697E-01 6.08246E-01 3.36934E-01 3.36795E-01
 0.00000E+00 0.00000E+00 0.00000E+00 0.00000E+00 0.00000E+00
 0.00000E+00 0.00000E+00 0.00000E+00 6.04435E-01 1.55035E-03
 0.00000E+00 0.00000E+00 1.04300E+03 0.00000E+00
 6.04558E-01 6.05026E-01 6.02096E-01 3.39889E-01 3.40296E-01
 0.00000E+00 0.00000E+00 0.00000E+00 0.00000E+00 0.00000E+00
 0.00000E+00 0.00000E+00 0.00000E+00 6.04259E-01 1.57928E-03
 0.00000E+00 0.00000E+00 1.06100E+03 0.00000E+00
 5.94984E-01 5.89766E-01 6.04231E-01 3.49956E-01 3.50146E-01
 0.00000E+00 0.00000E+00 0.00000E+00 0.00000E+00 0.00000E+00
 0.00000E+00 0.00000E+00 0.00000E+00 6.04300E-01 1.61233E-03
 0.00000E+00 0.00000E+00 9.31000E+02 0.00000E+00
 6.10993E-01 6.08281E-01 6.01325E-01 3.35333E-01 3.35586E-01
 0.00000E+00 0.00000E+00 0.00000E+00 0.00000E+00 0.00000E+00
 0.00000E+00 0.00000E+00 0.00000E+00 6.04307E-01 1.63311E-03
 0.00000E+00 0.00000E+00 9.67000E+02 0.00000E+00
 6.05251E-01 6.03604E-01 6.03911E-01 3.33072E-01 3.32766E-01
 0.00000E+00 0.00000E+00 0.00000E+00 0.00000E+00 0.00000E+00
 0.00000E+00 0.00000E+00 0.00000E+00 6.04337E-01 1.66479E-03
 0.00000E+00 0.00000E+00 1.05900E+03 0.00000E+00
 6.04467E-01 6.04469E-01 6.14551E-01 3.50334E-01 3.50060E-01
 0.00000E+00 0.00000E+00 0.00000E+00 0.00000E+00 0.00000E+00
 0.00000E+00 0.00000E+00 0.00000E+00 6.04339E-01 1.69710E-03
 0.00000E+00 0.00000E+00 1.02600E+03 0.00000E+00
 6.31758E-01 6.32878E-01 6.12262E-01 3.51545E-01 3.51105E-01
 0.00000E+00 0.00000E+00 0.00000E+00 0.00000E+00 0.00000E+00
 0.00000E+00 0.00000E+00 0.00000E+00 6.04169E-01 1.71801E-03
 0.00000E+00 0.00000E+00 9.79000E+02 0.00000E+00
 5.87102E-01 5.85760E-01 6.06033E-01 3.37291E-01 3.37133E-01
 6.09430E-01 2.23283E-02 6.09319E-01 2.35590E-02 6.09148E-01
 3.11424E-03 0.00000E+00 0.00000E+00 6.03864E-01 1.75471E-03
 0.00000E+00 0.00000E+00 1.06900E+03 0.00000E+00
 6.14182E-01 6.16312E-01 6.01932E-01 3.63740E-01 3.64090E-01
 6.11014E-01 1.29882E-02 6.11650E-01 1.38001E-02 6.06742E-01
 3.00296E-03 0.00000E+00 0.00000E+00 6.03868E-01 1.78283E-03
 0.00000E+00 0.00000E+00 9.71000E+02 0.00000E+00
 5.94576E-01 5.93505E-01 5.95389E-01 3.33483E-01 3.33112E-01
 6.06905E-01 1.00615E-02 6.07114E-01 1.07610E-02 6.03904E-01
 3.54465E-03 6.03577E-01 5.94249E-03 6.03881E-01 1.83806E-03
 3.32222E-01 3.48909E-03 1.05900E+03 0.00000E+00
 5.93326E-01 5.94921E-01 6.01149E-01 3.40253E-01 3.40330E-01
 6.04189E-01 8.25322E-03 6.04675E-01 8.68481E-03 6.03353E-01
 2.80042E-03 6.03224E-01 4.00450E-03 6.04069E-01 1.86705E-03
 3.41281E-01 3.80160E-03 1.01400E+03 0.00000E+00
 6.12886E-01 6.13985E-01 6.14310E-01 3.40477E-01 3.39728E-01
 6.05638E-01 6.89287E-03 6.06227E-01 7.25890E-03 6.05179E-01
 2.92628E-03 6.04528E-01 4.09921E-03 6.04167E-01 1.90897E-03
 3.41266E-01 3.07789E-03 9.69000E+02 0.00000E+00
 5.94833E-01 5.88947E-01 5.91069E-01 3.36982E-01 3.35957E-01
 6.04095E-01 6.02656E-03 6.03758E-01 6.61291E-03 6.03164E-01
 3.19062E-03 6.03849E-01 2.99174E-03 6.03906E-01 1.94298E-03
 3.41312E-01 2.62502E-03 1.02300E+03 0.00000E+00
 5.82944E-01 5.81756E-01 6.11119E-01 3.48639E-01 3.48612E-01
 6.01451E-01 5.85063E-03 6.01008E-01 6.35313E-03 6.04158E-01
 2.93666E-03 6.04648E-01 2.74913E-03 6.04128E-01 1.95270E-03
 3.43776E-01 2.68467E-03 9.67000E+02 0.00000E+00
 6.16109E-01 6.14445E-01 6.10750E-01 3.42857E-01 3.42716E-01
 6.03080E-01 5.41070E-03 6.02501E-01 5.79844E-03 6.04890E-01
 2.69146E-03 6.05719E-01 2.72175E-03 6.04078E-01 1.98355E-03
 3.44773E-01 2.30874E-03 9.69000E+02 0.00000E+00
 6.14549E-01 6.17540E-01 6.01217E-01 3.42267E-01 3.42413E-01
 6.04226E-01 4.97353E-03 6.04005E-01 5.39993E-03 6.04523E-01
 2.43518E-03 6.04784E-01 2.46672E-03 6.03895E-01 2.02576E-03
 3.44056E-01 1.98966E-03 1.06500E+03 0.00000E+00
 6.17166E-01 6.13044E-01 6.12164E-01 3.58447E-01 3.58648E-01
 6.05403E-01 4.64997E-03 6.04826E-01 4.95306E-03 6.05218E-01
 2.30964E-03 6.05597E-01 2.57457E-03 6.03922E-01 2.10413E-03
 3.45869E-01 2.18498E-03 1.02800E+03 0.00000E+00
 5.94294E-01 5.92644E-01 6.01737E-01 3.29707E-01 3.29968E-01
 6.04477E-01 4.34460E-03 6.03811E-01 4.63408E-03 6.04928E-01
 2.12826E-03 6.05341E-01 2.36554E-03 6.03718E-01 2.14047E-03
 3.44313E-01 2.08527E-03 9.99000E+02 0.00000E+00
 5.68188E-01 5.69423E-01 6.01468E-01 3.33993E-01 3.34032E-01
 6.01686E-01 4.87481E-03 6.01166E-01 5.01680E-03 6.04662E-01
 1.97572E-03 6.04925E-01 2.21285E-03 6.03787E-01 2.18917E-03
 3.43867E-01 1.91936E-03 9.93000E+02 0.00000E+00
 5.86961E-01 5.89666E-01 6.03709E-01 3.25679E-01 3.25691E-01
 6.00634E-01 4.63413E-03 6.00345E-01 4.71673E-03 6.04594E-01
 1.83043E-03 6.04764E-01 2.04576E-03 6.03913E-01 2.22326E-03
 3.43148E-01 1.90648E-03 9.66000E+02 0.00000E+00
 5.97420E-01 5.94373E-01 5.96904E-01 3.30339E-01 3.29380E-01
 6.00420E-01 4.31946E-03 5.99946E-01 4.40905E-03 6.04081E-01
 1.77947E-03 6.04378E-01 1.96838E-03 6.03996E-01 2.28563E-03
 3.42914E-01 2.08587E-03 1.04100E+03 0.00000E+00
 6.14047E-01 6.12931E-01 6.19679E-01 3.65125E-01 3.64780E-01
 6.01271E-01 4.12928E-03 6.00758E-01 4.20337E-03 6.05056E-01
 1.92900E-03 6.05287E-01 2.16533E-03 6.04174E-01 2.33544E-03
 3.44095E-01 2.57597E-03 1.00000E+03 0.00000E+00
 5.81597E-01 5.82858E-01 6.12869E-01 3.56126E-01 3.55786E-01
 6.00114E-01 4.04775E-03 5.99705E-01 4.08636E-03 6.05515E-01
 1.86936E-03 6.05492E-01 2.11097E-03 6.03770E-01 2.35519E-03
 3.44272E-01 2.45482E-03 1.02000E+03 0.00000E+00
 6.15889E-01 6.12336E-01 6.09916E-01 3.42082E-01 3.42483E-01
 6.00990E-01 3.91560E-03 6.00407E-01 3.91605E-03 6.05760E-01
 1.77933E-03 6.05828E-01 2.03626E-03 6.03652E-01 2.41400E-03
 3.44323E-01 2.22020E-03 9.24000E+02 0.00000E+00
 6.12060E-01 6.13988E-01 6.20655E-01 3.64030E-01 3.64925E-01
 6.01573E-01 3.74933E-03 6.01122E-01 3.77254E-03 6.06544E-01
 1.85670E-03 6.06659E-01 2.07515E-03 6.03452E-01 2.47314E-03
 3.45432E-01 2.10236E-03 1.02100E+03 0.00000E+00
 6.20990E-01 6.23073E-01 6.20103E-01 3.40403E-01 3.40446E-01
 6.02544E-01 3.68705E-03 6.02219E-01 3.74346E-03 6.07222E-01
 1.88738E-03 6.07451E-01 2.04150E-03 6.02890E-01 2.49823E-03
 3.45360E-01 1.98522E-03 9.95000E+02 0.00000E+00
 6.07070E-01 6.06822E-01 6.16744E-01 3.46963E-01 3.46744E-01
 6.02759E-01 3.51370E-03 6.02438E-01 3.56748E-03 6.07675E-01
 1.85164E-03 6.07843E-01 2.01558E-03 6.02194E-01 2.51702E-03
 3.45870E-01 2.00038E-03 1.02600E+03 0.00000E+00
 6.18689E-01 6.14545E-01 6.10193E-01 3.54868E-01 3.55034E-01
 6.03484E-01 3.42754E-03 6.02989E-01 3.44569E-03 6.07790E-01
 1.76917E-03 6.08115E-01 1.94828E-03 6.01740E-01 2.55553E-03
 3.46168E-01 1.90890E-03 9.35000E+02 0.00000E+00
 6.17569E-01 6.13341E-01 6.02491E-01 3.44474E-01 3.44656E-01
 6.04096E-01 3.33189E-03 6.03439E-01 3.32309E-03 6.07559E-01
 1.70613E-03 6.08026E-01 1.86482E-03 6.01477E-01 2.61749E-03
 3.46180E-01 1.81374E-03 1.04800E+03 0.00000E+00
 5.85517E-01 5.83075E-01 5.92670E-01 3.39387E-01 3.38792E-01
 6.03322E-01 3.28262E-03 6.02590E-01 3.29281E-03 6.06939E-01
 1.74733E-03 6.07660E-01 1.91457E-03 6.01392E-01 2.71498E-03
 3.45969E-01 1.76983E-03 1.02400E+03 0.00000E+00
 5.78474E-01 5.71768E-01 5.87146E-01 3.45169E-01 3.45184E-01
 6.02328E-01 3.30173E-03 6.01357E-01 3.39046E-03 6.06147E-01
 1.85358E-03 6.07674E-01 1.95721E-03 6.01740E-01 2.78186E-03
 3.45954E-01 1.69188E-03 9.36000E+02 0.00000E+00
 5.73533E-01 5.76050E-01 5.76934E-01 3.23959E-01 3.23889E-01
 6.01220E-01 3.35997E-03 6.00384E-01 3.39977E-03 6.05024E-01
 2.10568E-03 6.05747E-01 2.35719E-03 6.02353E-01 2.76694E-03
 3.45285E-01 1.78434E-03 1.01100E+03 0.00000E+00
 5.89956E-01 5.88511E-01 6.12367E-01 3.47670E-01 3.47296E-01
 6.00803E-01 3.25994E-03 5.99944E-01 3.30085E-03 6.05295E-01
 2.04436E-03 6.05866E-01 2.32484E-03 6.03410E-01 2.66039E-03
 3.45519E-01 1.75446E-03 9.95000E+02 0.00000E+00
 5.91124E-01 5.84873E-01 6.13423E-01 3.48878E-01 3.48930E-01
 6.00457E-01 3.16032E-03 5.99406E-01 3.22600E-03 6.05586E-01
 1.99126E-03 6.05770E-01 2.32066E-03 6.03217E-01 2.75795E-03
 3.45669E-01 1.69083E-03 1.06000E+03 0.00000E+00
 6.21276E-01 6.19723E-01 5.88274E-01 3.35355E-01 3.35144E-01
 6.01175E-01 3.13276E-03 6.00107E-01 3.19064E-03 6.04989E-01
 2.01197E-03 6.04969E-01 2.23406E-03 6.02986E-01 2.86769E-03
 3.45565E-01 1.64377E-03 1.01000E+03 0.00000E+00
 6.06323E-01 6.02697E-01 6.18418E-01 3.85655E-01 3.85344E-01
 6.01347E-01 3.03139E-03 6.00193E-01 3.08366E-03 6.05436E-01
 1.99463E-03 6.05175E-01 2.24528E-03 6.03707E-01 2.97093E-03
 3.46791E-01 2.15087E-03 1.04400E+03 0.00000E+00
 5.96138E-01 6.00769E-01 6.08337E-01 3.39656E-01 3.39616E-01
 6.01179E-01 2.93679E-03 6.00211E-01 2.98259E-03 6.05530E-01
 1.93148E-03 6.05152E-01 2.12873E-03 6.03008E-01 3.03741E-03
 3.46754E-01 2.08318E-03 9.44000E+02 0.00000E+00
 6.02869E-01 6.02034E-01 5.98422E-01 3.48479E-01 3.48182E-01
 6.01232E-01 2.84402E-03 6.00268E-01 2.88844E-03 6.05308E-01
 1.88329E-03 6.04939E-01 2.06244E-03 6.02735E-01 3.16351E-03
 3.46762E-01 2.02113E-03 9.60000E+02 0.00000E+00
 6.10694E-01 6.14613E-01 6.03449E-01 3.54125E-01 3.54963E-01
 6.01518E-01 2.77137E-03 6.00703E-01 2.83309E-03 6.05252E-01
 1.82620E-03 6.04859E-01 1.94841E-03 6.03006E-01 3.35098E-03
 3.47403E-01 2.02139E-03 1.02100E+03 0.00000E+00
 5.86558E-01 5.86542E-01 6.03425E-01 3.25896E-01 3.26000E-01
 6.01078E-01 2.72439E-03 6.00287E-01 2.77988E-03 6.05198E-01
 1.77249E-03 6.04754E-01 1.90499E-03 6.02917E-01 3.57095E-03
 3.46820E-01 2.05153E-03 1.02700E+03 0.00000E+00
 6.40757E-01 6.39290E-01 6.27033E-01 3.56253E-01 3.55857E-01
 6.02212E-01 2.87808E-03 6.01401E-01 2.92028E-03 6.05822E-01
 1.83068E-03 6.05641E-01 1.99331E-03 6.02856E-01 3.80313E-03
 3.47126E-01 2.03510E-03 9.42000E+02 0.00000E+00
 5.77555E-01 5.76981E-01 5.98955E-01 3.41123E-01 3.42220E-01
 6.01527E-01 2.87963E-03 6.00723E-01 2.91794E-03 6.05631E-01
 1.78930E-03 6.05473E-01 1.96985E-03 6.01129E-01 3.65290E-03
 3.46461E-01 1.97802E-03 1.07100E+03 0.00000E+00
 5.70434E-01 5.70624E-01 5.82477E-01 3.36851E-01 3.37398E-01
 6.00687E-01 2.92408E-03 5.99909E-01 2.95227E-03 6.05005E-01
 1.84937E-03 6.04862E-01 2.05238E-03 6.01406E-01 3.91308E-03
 3.46009E-01 1.94610E-03 8.92000E+02 0.00000E+00
 5.82692E-01 5.85643E-01 5.84028E-01 3.25245E-01 3.25979E-01
 6.00213E-01 2.88522E-03 5.99534E-01 2.89795E-03 6.04453E-01
 1.88279E-03 6.04074E-01 2.06787E-03 6.03037E-01 3.81865E-03
 3.45478E-01 1.96329E-03 9.78000E+02 0.00000E+00
 5.78619E-01 5.75627E-01 5.85419E-01 3.34522E-01 3.34661E-01
 5.99660E-01 2.86429E-03 5.98921E-01 2.88846E-03 6.03965E-01
 1.89771E-03 6.03716E-01 2.09956E-03 6.04811E-01 3.67299E-03
 3.45187E-01 1.93158E-03 1.02100E+03 0.00000E+00
 5.86875E-01 5.82587E-01 5.89994E-01 3.33331E-01 3.33622E-01
 5.99340E-01 2.81000E-03 5.98512E-01 2.84479E-03 6.03616E-01
 1.88235E-03 6.03495E-01 2.09498E-03 6.06652E-01 3.39889E-03
 3.44923E-01 1.90186E-03 1.00700E+03 0.00000E+00
 6.01939E-01 5.97563E-01 6.23392E-01 3.53729E-01 3.52960E-01
 5.99403E-01 2.74134E-03 5.98489E-01 2.77463E-03 6.04098E-01
 1.89817E-03 6.03592E-01 2.12918E-03 6.08647E-01 3.08091E-03
 3.45056E-01 1.85458E-03 1.01300E+03 0.00000E+00
 6.04506E-01 6.05627E-01 6.02572E-01 3.47618E-01 3.47135E-01
 5.99525E-01 2.67803E-03 5.98659E-01 2.71309E-03 6.04062E-01
 1.85278E-03 6.03565E-01 2.06237E-03 6.07156E-01 3.56440E-03
 3.44892E-01 1.80632E-03 9.85000E+02 0.00000E+00
 6.36727E-01 6.35951E-01 6.10672E-01 3.45851E-01 3.47221E-01
 6.00390E-01 2.75441E-03 5.99526E-01 2.78758E-03 6.04216E-01
 1.81570E-03 6.03925E-01 1.99824E-03 6.07694E-01 4.05417E-03
 3.44976E-01 1.75941E-03 1.01100E+03 0.00000E+00
 5.88286E-01 5.90641E-01 5.92255E-01 3.39587E-01 3.39955E-01
 6.00115E-01 2.70511E-03 5.99324E-01 2.73097E-03 6.03944E-01
 1.79466E-03 6.03567E-01 1.96148E-03 6.06446E-01 4.21729E-03
 3.44782E-01 1.72429E-03 1.06700E+03 0.00000E+00
 6.13106E-01 6.17986E-01 6.11313E-01 3.55227E-01 3.55010E-01
 6.00404E-01 2.66002E-03 5.99739E-01 2.70161E-03 6.04107E-01
 1.76195E-03 6.03851E-01 1.89910E-03 6.09062E-01 2.80921E-03
 3.45018E-01 1.70147E-03 9.18000E+02 0.00000E+00
 6.09107E-01 6.15607E-01 6.10621E-01 3.42156E-01 3.42284E-01
 6.00593E-01 2.60842E-03 6.00084E-01 2.66465E-03 6.04249E-01
 1.72903E-03 6.04050E-01 1.84076E-03 6.08883E-01 3.63678E-03
 3.45057E-01 1.66796E-03 1.05200E+03 0.00000E+00
 5.94990E-01 5.92677E-01 6.23137E-01 3.49553E-01 3.48948E-01
 6.00474E-01 2.55510E-03 5.99927E-01 2.61210E-03 6.04651E-01
 1.73891E-03 6.04210E-01 1.85646E-03 6.09985E-01 6.74684E-03
 3.45068E-01 1.62802E-03 9.73000E+02 0.00000E+00
 6.31803E-01 6.33293E-01 6.05950E-01 3.46757E-01 3.46998E-01
 6.01126E-01 2.58506E-03 6.00622E-01 2.64990E-03 6.04678E-01
 1.70252E-03 6.04359E-01 1.79246E-03 0.00000E+00 0.00000E+00
 3.45231E-01 1.61302E-03 1.00400E+03 0.00000E+00
 6.11689E-01 6.07047E-01 6.00831E-01 3.45900E-01 3.46254E-01
 6.01342E-01 2.54091E-03 6.00753E-01 2.59857E-03 6.04600E-01
 1.66926E-03 6.04319E-01 1.75720E-03 0.00000E+00 0.00000E+00
 3.45282E-01 1.58089E-03 1.04300E+03 0.00000E+00
 6.07449E-01 6.07952E-01 5.97208E-01 3.37864E-01 3.38439E-01
 6.01464E-01 2.49257E-03 6.00897E-01 2.55013E-03 6.04452E-01
 1.64220E-03 6.04169E-01 1.71801E-03 0.00000E+00 0.00000E+00
 3.45130E-01 1.55508E-03 9.71000E+02 0.00000E+00
