testprob17 -- kcode in a rectangular finite lattice.
3 0 -8 7 -10 9 -12 11  lat=1  imp:n=1 &
                    fill=-2:2 -2:2 -2:2 2 124r
4 0             -13:14:15          u=2    imp:n=1
5 2 .100691    13 -14 -15 #6      u=-2   imp:n=1
6 1 .0983726   16 -17 -18         u=-2   imp:n=1

7     px -17.15
8     px  17.15
9     py -17.15
10    py  17.15
11    pz -16.5
12    pz  16.5
13    pz  -9.5
14    pz   9.5
15    cz  10.15
16    pz  -8.839
17    pz   8.839
18    cz   9.489

mode n p
kcode 1000 1 10 40
ksrc 0 -68.6 0  0 -34.3 0  0 0 0  0 34.3 0  0 68.6 0
           -68.6 -68.6 0 68.6 -68.6 0 -34.3 -68.6 0 34.3 -68.6 0
           -68.6 -34.3 0 68.6 -34.3 0 -34.3 -34.3 0 34.3 -34.3 0
           -68.6     0 0 68.6     0 0 -34.3     0 0 34.3     0 0
           -68.6  34.3 0 68.6  34.3 0 -34.3  34.3 0 34.3  34.3 0
           -68.6  68.6 0 68.6  68.6 0 -34.3  68.6 0 34.3  68.6 0
m1    1001 .057776  7014 .002131  8016 .037403  92235.61c .0109846
      92238.61c .0990062 nlib=.24c plib=02 elib=03 pnlib=24
m2    1001 .053702  6000 .033564  8016 .013425  94242.61c .05
      nlib=.24c plib=02 elib=03 pnlib=24
mpn1 0 0 8016 82206 82206
mpn2 0 6012 8016 82206
f4:n  3 4 5 6
vol 1 1 2j
f16:p 5 6
f6:n  5 6
f7:n  5 6
t0 1 1000 1e6 1e9 1e20
fq0 e f
print 128
prdmp 2j -1
phys:n 100 0.01
phys:p 3j -1 1
dbcn     28j  0  13j   0
