pulse height test problem works on decon25  22may01
1     1 -1.0e-7 -1
2     1 -1.0e-7 1 -2
3     1 -1.0 2 -3
4     1 -1.0e-7 3 -4
5     0 4

1     so 1
2     so 2
3     so 3
4     so 4

mode  p
sdef    erg=9.5
imp:p    1 1 1 1 0
m1    92238 1.0
cut:p     j .001 0 0
phys:p  10  1
f8:p  3
e8   0 0.00001 .01639 .01641 .09465 .09467 .09843 .09845
      .11104 .11108 .11482 .11486
      .510 .512 1.021 1.023 1.532 1.534 2.043 2.045 8.0
      8.4 8.5 8.6 8.7 8.8 8.9 9.0 9.5 9.6 1000
dxt:p   2.00001 0 0  1.0 1.0  0 0
print -10 -20 -30 -40 -50 -60 -70 -72 -80 -85 -86 -90 -100 -102 -110
       -120 -140 -161 -162 -170 -190 -200
prdmp 2j -1
nps 1000
dbcn    42j   0  0
