PHTVR -- cell importances with Russian Roulette
    2    22    -10. -40
    3     0         -2 :3 :1
    4    21    -2.7 2 -4 -1
    5    21    -2.7 4 -5 -1
    6    21    -2.7 5 -6 -1
    7    21    -2.7 6 -7 -1
    8    21    -2.7 7 -8 -1
    9    21    -2.7 8 -9 -1
   10    21    -2.7 9 -10 -1
   11    21    -2.7 10 -11 -1
   12    21    -2.7 11 -12 -1
   13    21    -2.7 12 -13 -1
   14    21    -2.7 13 -14 -1
   15    21    -2.7 14 -15 -1
   16    21    -2.7 15 -16 -1
   17    21    -2.7 16 -17 -1
   18    21    -2.7 17 -18 -1
   19    21    -2.7 18 -19 -1 #2
   20    21    -2.7 19 -20 -1 #2
   21    21    -2.7 20 -21 -1 #2
   22    21    -2.7 21 -22 -1
   23    21    -2.7 22 -3 -1

    1        cy 50
    2        py 0
    3        py 120
    4        py 6
    5        py 12
    6        py 18
    7        py 24
    8        py 30
    9        py 36
   10        py 42
   11        py 48
   12        py 54
   13        py 60
   14        py 66
   15        py 72
   16        py 78
   17        py 84
   18        py 90
   19        py 96
   20        py 102
   21        py 108
   22        py 114
   40    sy  100 5

mode  p
m21   13027.                1  $ aluminum
m22   32000.                1  $ germanium
imp:p  65500 0 1 2m 2m 2m 2m 2m 2m 2m 2m 2m 2m 2m 2m 2m 2m 2m 2m 2m 2r
c
sdef  erg 5 pos 0 .01 0
f4:p 2
f8:p 2
e0 0 1e-5 .001 .1 3i .5 .52 .6 3i 1 1.025 1.5 7i 5.5
e8 0 1e-5 .001 .1 3i .5 .52 .6 3i 1 1.025 1.5 7i 5.5
*f18:p 4
e18 0 1e-5 .001 .1 3i .5 .52 .6 3i 1 1.025 1.5 7i 5.5
ft18 geb 1 2 .5
*f101:p 40
*f128:p 2
e128 0 1e-10 20
c101 0 1
fq101 d e c
fc101 photon energy crossing sphere surface
fc128 energy deposited into sphere
print -10 -20 -30 -40 -50 -60 -70 -72 -80 -85 -86 -90 -100 -102 -110
       -120 -140 -161 -162 -170 -190 -200
prdmp 2j -1
nps 1000
dbcn    42j  0
