                                       2        1000        2730135
 inp90: oy sphere to test delayed neutrons with tme>tco(neutron)                
ntal     9
  105  114  115  124  125  134  144  154  164
tally  105    1    2
      detector                                                                  
f        1
d        2
u        0
s        0
m        0
c        0
e        0
tt       8
  1.00000E+02  1.00000E+04  1.00000E+06  9.00000E+07  1.00000E+08  4.00000E+09
  1.00000E+10
vals
  1.48158E-04 0.1730  1.18723E-08 0.6073  1.17505E-06 0.9995  1.20137E-05 0.4478
  1.00605E-06 0.9995  0.00000E+00 0.0000  0.00000E+00 0.0000  1.62365E-04 0.1838
  2.21457E-06 0.0817  0.00000E+00 0.0000  0.00000E+00 0.0000  0.00000E+00 0.0000
  0.00000E+00 0.0000  0.00000E+00 0.0000  0.00000E+00 0.0000  2.21457E-06 0.0817
tfc    1       1       1       1       1       1       1       1       8
       1000  1.62365E-04  1.83839E-01
tally  114    1    0
      population                                                                
f        1
      2
d        1
u        0
s        0
m        1
c        0
e        0
tt       6
  1.00000E+02  1.00000E+04  1.00000E+06  9.00000E+07  1.00000E+08
vals
  1.52486E+01 0.1753  0.00000E+00 0.0000  9.68906E-02 0.9972  1.29712E+00 0.4417
  1.08435E-01 0.9948  1.67511E+01 0.1868
tfc    1       1       1       1       1       1       1       1       6
       1000  1.67511E+01  1.86849E-01
tally  115    1    2
      detector                                                                  
f        1
d        2
u        0
s        0
m        0
c        0
e        0
tt       5
  1.00000E+02  1.00000E+04  1.00000E+06  9.00000E+07
vals
  1.46766E-04 0.1703  3.19364E-08 0.6734  8.82179E-07 0.9995  1.17847E-05 0.4369
  1.59465E-04 0.1805  2.28365E-06 0.0805  0.00000E+00 0.0000  0.00000E+00 0.0000
  0.00000E+00 0.0000  2.28365E-06 0.0805
tfc    1       1       1       1       1       1       1       1       5
       1000  1.59465E-04  1.80496E-01
tally  124    1    0
      population                                                                
f        1
      2
d        1
u        0
s        0
m        1
c        0
e        0
t        0
vals
  1.67511E+01 0.1868
tfc    1       1       1       1       1       1       1       1       1
       1000  1.67511E+01  1.86849E-01
tally  125    1    2
      detector                                                                  
f        1
d        2
u        0
s        0
m        0
c        0
e        0
t        0
vals
  1.61918E-04 0.1814  2.73523E-06 0.0742
tfc    1       1       1       1       1       1       1       1       1
       1000  1.61918E-04  1.81443E-01
tally  134    1    0
      collisions                                                                
f        1
      2
d        1
ut       6
s        0
m        1
c        0
e        0
tt       6
  1.00000E+02  1.00000E+04  1.00000E+06  9.00000E+07  1.00000E+08
vals
  1.38656E-01 0.0363  0.00000E+00 0.0000  0.00000E+00 0.0000  0.00000E+00 0.0000
  0.00000E+00 0.0000  1.38656E-01 0.0363  1.45154E+00 0.0486  0.00000E+00 0.0000
  0.00000E+00 0.0000  6.76277E-03 0.4686  0.00000E+00 0.0000  1.45830E+00 0.0486
  8.60454E+00 0.1529  0.00000E+00 0.0000  9.66645E-02 0.9995  1.05290E-01 0.2803
  5.10584E-04 0.7511  8.80701E+00 0.1530  5.05390E+00 0.3196  0.00000E+00 0.0000
  2.26107E-04 0.9995  1.18507E+00 0.4812  1.07924E-01 0.9995  6.34712E+00 0.3371
  0.00000E+00 0.0000  0.00000E+00 0.0000  0.00000E+00 0.0000  0.00000E+00 0.0000
  0.00000E+00 0.0000  0.00000E+00 0.0000  1.52486E+01 0.1753  0.00000E+00 0.0000
  9.68906E-02 0.9972  1.29712E+00 0.4417  1.08435E-01 0.9948  1.67511E+01 0.1868
tfc    1       1       1       6       1       1       1       1       6
       1000  1.67511E+01  1.86849E-01
tally  144    1    0
      collisions                                                                
f        1
      2
d        1
ut       9
s        0
m        1
c        0
e        0
t        0
vals
  1.38656E-01 0.0363  1.45830E+00 0.0486  8.80701E+00 0.1530  6.34712E+00 0.3371
  0.00000E+00 0.0000  0.00000E+00 0.0000  0.00000E+00 0.0000  0.00000E+00 0.0000
  1.67511E+01 0.1868
tfc    1       1       1       9       1       1       1       1       1
       1000  1.67511E+01  1.86849E-01
tally  154    1    0
      flux                                                                      
f        1
      2
d        1
u        0
s        0
m        0
c        0
e        0
tt       6
  1.00000E+02  1.00000E+04  1.00000E+06  9.00000E+07  1.00000E+08
vals
  1.67825E+02 0.1746  0.00000E+00 0.0000  1.06875E+00 0.9972  1.37292E+01 0.4430
  1.13390E+00 0.9970  1.83757E+02 0.1858
tfc    1       1       1       1       1       1       1       1       6
       1000  1.83757E+02  1.85825E-01
tally  164    1    0
      flux                                                                      
f        1
      2
d        1
u        0
s        0
m        0
c        0
e        0
t        0
vals
  1.83757E+02 0.1858
tfc    1       1       1       1       1       1       1       1       1
       1000  1.83757E+02  1.85825E-01
