                                       2        4000        1130575
 testprob07 -- generate surface source for testprob08                           
ntal     2
    2    7
tally    2    1    0
f        1
      0
d        2
u        0
s        0
m        0
c        0
et       6
  1.00000E-01  5.00000E-01  1.00000E+00  2.00000E+00  1.00000E+01
t        0
vals
  0.00000E+00 0.0000  2.02933E-03 0.0446  1.49187E-03 0.0614  1.04432E-03 0.0550
  9.63699E-04 0.0438  5.52921E-03 0.0329  0.00000E+00 0.0000  2.02933E-03 0.0446
  1.49187E-03 0.0614  1.04432E-03 0.0550  9.63699E-04 0.0438  5.52921E-03 0.0329
tfc    4       1       1       1       1       1       1       6       1
       1000  5.36710E-03  6.06814E-02
       2000  5.29929E-03  5.16519E-02
       3000  5.41003E-03  3.97945E-02
       4000  5.52921E-03  3.29387E-02
tally    7    1    0
f        1
     17
d        2
u        0
s        0
m        0
c        0
et       6
  1.00000E-01  5.00000E-01  1.00000E+00  2.00000E+00  1.00000E+01
t        0
vals
  0.00000E+00 0.0000  1.83662E-03 0.0421  1.34130E-03 0.0406  1.50985E-03 0.0376
  1.67989E-03 0.0334  6.36766E-03 0.0292  0.00000E+00 0.0000  1.20069E-03 0.0510
  6.65173E-04 0.0576  5.05696E-04 0.0650  4.20218E-04 0.0676  2.79178E-03 0.0440
tfc    4       1       1       1       1       1       1       6       1
       1000  6.22503E-03  5.72951E-02
       2000  6.14293E-03  4.18265E-02
       3000  6.24262E-03  3.25340E-02
       4000  6.36766E-03  2.91525E-02
