                                       2       29944        1427128
 inp42 - godiva -pert test from Jeff Favorite                                   
ntal     0 npert     7

kcode   30    5   19
 1.35415E+00 1.35295E+00 1.35762E+00 1.65242E+00 1.65095E+00
 0.00000E+00 0.00000E+00 0.00000E+00 0.00000E+00 0.00000E+00
 0.00000E+00 0.00000E+00 0.00000E+00 1.01895E+00 1.48232E-02
 0.00000E+00 0.00000E+00 1.00000E+03 0.00000E+00
 1.16819E+00 1.17222E+00 1.18236E+00 1.60666E+00 1.60633E+00
 0.00000E+00 0.00000E+00 0.00000E+00 0.00000E+00 0.00000E+00
 0.00000E+00 0.00000E+00 0.00000E+00 1.00459E+00 7.67221E-03
 0.00000E+00 0.00000E+00 1.31200E+03 0.00000E+00
 1.06845E+00 1.07401E+00 1.07289E+00 1.66006E+00 1.65709E+00
 0.00000E+00 0.00000E+00 0.00000E+00 0.00000E+00 0.00000E+00
 0.00000E+00 0.00000E+00 0.00000E+00 1.00064E+00 4.19972E-03
 0.00000E+00 0.00000E+00 8.57000E+02 0.00000E+00
 1.00183E+00 9.99247E-01 1.02238E+00 1.60419E+00 1.60574E+00
 0.00000E+00 0.00000E+00 0.00000E+00 0.00000E+00 0.00000E+00
 0.00000E+00 0.00000E+00 0.00000E+00 9.99156E-01 3.32815E-03
 0.00000E+00 0.00000E+00 9.20000E+02 0.00000E+00
 1.03385E+00 1.03924E+00 1.01312E+00 1.61344E+00 1.61031E+00
 0.00000E+00 0.00000E+00 0.00000E+00 0.00000E+00 0.00000E+00
 0.00000E+00 0.00000E+00 0.00000E+00 9.98050E-01 3.34631E-03
 0.00000E+00 0.00000E+00 9.65000E+02 0.00000E+00
 1.00083E+00 1.00479E+00 1.01787E+00 1.66111E+00 1.65948E+00
 0.00000E+00 0.00000E+00 0.00000E+00 0.00000E+00 0.00000E+00
 0.00000E+00 0.00000E+00 0.00000E+00 9.97685E-01 3.39779E-03
 0.00000E+00 0.00000E+00 1.00800E+03 0.00000E+00
 1.02028E+00 1.02006E+00 1.00077E+00 1.57337E+00 1.57288E+00
 1.01056E+00 9.72617E-03 1.01243E+00 7.63287E-03 1.00932E+00
 8.55164E-03 0.00000E+00 0.00000E+00 9.97157E-01 3.42597E-03
 0.00000E+00 0.00000E+00 9.99000E+02 0.00000E+00
 9.93031E-01 9.91582E-01 1.01906E+00 1.63454E+00 1.63578E+00
 1.00471E+00 8.10327E-03 1.00548E+00 8.22770E-03 1.01256E+00
 5.90916E-03 0.00000E+00 0.00000E+00 9.96906E-01 3.59125E-03
 0.00000E+00 0.00000E+00 1.05800E+03 0.00000E+00
 9.86961E-01 9.88877E-01 1.00779E+00 1.64005E+00 1.63830E+00
 1.00028E+00 7.24786E-03 1.00133E+00 7.14648E-03 1.01137E+00
 4.34538E-03 1.00752E+00 5.35314E-03 9.95821E-01 3.61432E-03
 1.65852E+00 1.15807E-02 9.49000E+02 0.00000E+00
 9.79956E-01 9.78880E-01 9.90996E-01 1.62325E+00 1.62455E+00
 9.96212E-01 6.93078E-03 9.96838E-01 7.12739E-03 1.00730E+00
 5.28524E-03 1.00280E+00 7.21391E-03 9.95339E-01 3.74142E-03
 1.66266E+00 1.21987E-02 1.01900E+03 0.00000E+00
 9.98174E-01 9.90789E-01 9.85169E-01 1.60766E+00 1.61172E+00
 9.96539E-01 5.66839E-03 9.95830E-01 5.90616E-03 1.00361E+00
 5.67654E-03 1.00271E+00 5.18121E-03 9.95564E-01 3.96514E-03
 1.66232E+00 9.55892E-03 1.00800E+03 0.00000E+00
 1.02723E+00 1.02397E+00 1.02106E+00 1.67397E+00 1.67345E+00
 1.00092E+00 6.49416E-03 9.99849E-01 6.40883E-03 1.00610E+00
 5.40642E-03 1.00654E+00 6.72107E-03 9.96347E-01 4.37706E-03
 1.65282E+00 2.52071E-02 1.01100E+03 0.00000E+00
 9.63541E-01 9.66352E-01 9.84834E-01 1.62233E+00 1.62092E+00
 9.96251E-01 7.31207E-03 9.95662E-01 6.95252E-03 1.00344E+00
 5.38411E-03 1.00297E+00 7.58275E-03 9.93782E-01 4.43326E-03
 1.64123E+00 2.05677E-02 1.02100E+03 0.00000E+00
 1.01233E+00 1.01267E+00 9.78817E-01 1.62173E+00 1.62053E+00
 9.98037E-01 6.69143E-03 9.97552E-01 6.41620E-03 1.00071E+00
 5.48023E-03 9.99571E-01 5.80323E-03 9.94359E-01 4.56601E-03
 1.64007E+00 1.88068E-02 9.27000E+02 0.00000E+00
 9.58531E-01 9.53784E-01 9.90467E-01 1.65573E+00 1.65777E+00
 9.94087E-01 7.17130E-03 9.93175E-01 7.21740E-03 9.99682E-01
 5.00747E-03 9.99117E-01 5.76850E-03 9.95590E-01 4.77813E-03
 1.63710E+00 9.88634E-03 1.06600E+03 0.00000E+00
 9.89030E-01 9.87056E-01 9.85449E-01 1.65292E+00 1.65419E+00
 9.93627E-01 6.50296E-03 9.92619E-01 6.55204E-03 9.98388E-01
 4.71062E-03 9.98050E-01 5.32668E-03 9.95759E-01 5.58177E-03
 1.63913E+00 9.34802E-03 8.99000E+02 0.00000E+00
 1.03736E+00 1.03518E+00 1.01070E+00 1.60566E+00 1.60616E+00
 9.97271E-01 6.96560E-03 9.96165E-01 6.95354E-03 9.99415E-01
 4.42098E-03 9.99949E-01 5.10002E-03 9.97179E-01 6.31576E-03
 1.63859E+00 8.86397E-03 9.85000E+02 0.00000E+00
 1.02378E+00 1.02684E+00 1.01414E+00 1.64178E+00 1.63938E+00
 9.99310E-01 6.72398E-03 9.98525E-01 6.81761E-03 1.00055E+00
 4.22143E-03 1.00134E+00 4.58156E-03 9.93717E-01 7.30306E-03
 1.63941E+00 8.41261E-03 1.03900E+03 0.00000E+00
 1.01797E+00 1.01699E+00 1.01425E+00 1.64293E+00 1.64200E+00
 1.00064E+00 6.36626E-03 9.99844E-01 6.44817E-03 1.00153E+00
 4.02905E-03 1.00237E+00 4.37378E-03 9.92220E-01 7.45685E-03
 1.64006E+00 8.14130E-03 9.55000E+02 0.00000E+00
 9.91297E-01 9.91025E-01 9.60826E-01 1.65532E+00 1.65605E+00
 1.00002E+00 5.95932E-03 9.99256E-01 6.03164E-03 9.98813E-01
 4.62936E-03 9.99760E-01 4.83671E-03 9.85931E-01 7.86990E-03
 1.64174E+00 7.72641E-03 9.64000E+02 0.00000E+00
 9.71215E-01 9.71030E-01 9.83541E-01 1.65166E+00 1.65078E+00
 9.98219E-01 5.85793E-03 9.97492E-01 5.91144E-03 9.97858E-01
 4.43431E-03 9.98511E-01 4.68169E-03 9.97445E-01 9.06627E-03
 1.64270E+00 7.42091E-03 9.51000E+02 0.00000E+00
 9.89816E-01 9.92544E-01 1.00308E+00 1.62118E+00 1.61895E+00
 9.97725E-01 5.52473E-03 9.97201E-01 5.56045E-03 9.98166E-01
 4.17663E-03 9.98476E-01 4.31530E-03 1.00304E+00 1.06901E-02
 1.64267E+00 7.16379E-03 9.97000E+02 0.00000E+00
 9.71219E-01 9.71116E-01 9.82476E-01 1.70515E+00 1.70753E+00
 9.96252E-01 5.41290E-03 9.95751E-01 5.43904E-03 9.97294E-01
 4.03308E-03 9.97471E-01 4.20417E-03 1.00214E+00 1.18758E-02
 1.64553E+00 8.95696E-03 1.03100E+03 0.00000E+00
 1.03182E+00 1.03730E+00 1.02027E+00 1.58615E+00 1.58376E+00
 9.98124E-01 5.45152E-03 9.97938E-01 5.59031E-03 9.98503E-01
 4.00200E-03 9.98718E-01 4.02796E-03 1.01844E+00 1.31219E-02
 1.63916E+00 8.90426E-03 1.00100E+03 0.00000E+00
 9.94079E-01 9.96209E-01 1.00176E+00 1.67491E+00 1.67302E+00
 9.97922E-01 5.17572E-03 9.97852E-01 5.30414E-03 9.98666E-01
 3.80011E-03 9.98657E-01 3.80533E-03 1.01592E+00 9.05091E-03
 1.64209E+00 8.71567E-03 1.06000E+03 0.00000E+00
 9.98704E-01 1.00746E+00 9.78150E-01 1.68315E+00 1.67738E+00
 9.97959E-01 4.92323E-03 9.98310E-01 5.06596E-03 9.97689E-01
 3.74432E-03 9.97585E-01 3.82864E-03 1.01924E+00 1.27302E-02
 1.64476E+00 8.14667E-03 9.30000E+02 0.00000E+00
 9.86489E-01 9.91283E-01 9.98864E-01 1.58458E+00 1.58194E+00
 9.97438E-01 4.72298E-03 9.97990E-01 4.84076E-03 9.97743E-01
 3.57047E-03 9.97452E-01 3.67116E-03 1.00585E+00 1.54032E-03
 1.64444E+00 8.32550E-03 1.00200E+03 0.00000E+00
 1.03948E+00 1.04550E+00 1.00970E+00 1.61218E+00 1.61049E+00
 9.99266E-01 4.86912E-03 1.00006E+00 5.06587E-03 9.98262E-01
 3.45108E-03 9.97905E-01 3.60503E-03 0.00000E+00 0.00000E+00
 1.64368E+00 8.14192E-03 9.94000E+02 0.00000E+00
 1.00397E+00 1.00568E+00 1.00455E+00 1.67237E+00 1.67098E+00
 9.99462E-01 4.66594E-03 1.00029E+00 4.85585E-03 9.98525E-01
 3.31454E-03 9.98119E-01 3.46349E-03 0.00000E+00 0.00000E+00
 1.64486E+00 8.16886E-03 1.01300E+03 0.00000E+00
 9.45538E-01 9.48998E-01 9.92429E-01 1.68306E+00 1.68012E+00
 9.97305E-01 4.96807E-03 9.98239E-01 5.08943E-03 9.98281E-01
 3.18853E-03 9.97685E-01 3.39779E-03 0.00000E+00 0.00000E+00
 1.64574E+00 8.33294E-03 1.00300E+03 0.00000E+00
