                                       2         500         574561
 testprob10 general test problem                                                
ntal     2 npert     5
    4   14
tally    4    1    0
f        3
     15     19     20
d        1
u        0
s        0
m        1
c        0
e        0
t        0
vals
  8.61838E-02 0.4748  7.23330E-01 0.2494  1.03217E+00 0.1908
tfc    1       3       1       1       1       1       1       1       1
        500  1.03217E+00  1.90761E-01
vals pert     1
  8.61838E-02 0.4748  7.23330E-01 0.2494  1.03217E+00 0.1908
tfc    1       3       1       1       1       1       1       1       1
        500  1.03217E+00  1.90761E-01
vals pert     2
  0.00000E+00 0.0000  0.00000E+00 0.0000  0.00000E+00 0.0000
tfc    1       3       1       1       1       1       1       1       1
        500  0.00000E+00  0.00000E+00
vals pert     3
  8.61838E-02 0.4748  7.23330E-01 0.2494  1.03217E+00 0.1908
tfc    1       3       1       1       1       1       1       1       1
        500  1.03217E+00  1.90761E-01
vals pert     4
  7.07039E-02 0.4459  6.81067E-01 0.2479  9.97460E-01 0.1885
tfc    1       3       1       1       1       1       1       1       1
        500  9.97460E-01  1.88501E-01
vals pert     5
  7.07039E-02 0.4459  6.81067E-01 0.2479  9.97460E-01 0.1885
tfc    1       3       1       1       1       1       1       1       1
        500  9.97460E-01  1.88501E-01
tally   14    2    0
f        3
     15     19     20
d        1
u        0
s        0
m        1
c        0
e        0
t        0
vals
  5.97631E-02 0.3887  2.52053E-01 0.2112  3.22389E-01 0.1735
tfc    1       3       1       1       1       1       1       1       1
        500  3.22389E-01  1.73495E-01
vals pert     1
  5.80307E-02 0.3892  2.47624E-01 0.2113  3.19235E-01 0.1741
tfc    1       3       1       1       1       1       1       1       1
        500  3.19235E-01  1.74132E-01
vals pert     2
 -1.68548E-03 0.4617 -4.28974E-03 0.3530 -3.08002E-03 0.4351
tfc    1       3       1       1       1       1       1       1       1
        500 -3.08002E-03  4.35060E-01
vals pert     3
  5.80307E-02 0.3892  2.47624E-01 0.2113  3.19235E-01 0.1741
tfc    1       3       1       1       1       1       1       1       1
        500  3.19235E-01  1.74132E-01
vals pert     4
  5.09927E-02 0.3867  2.43597E-01 0.2094  3.17058E-01 0.1733
tfc    1       3       1       1       1       1       1       1       1
        500  3.17058E-01  1.73341E-01
vals pert     5
  5.09927E-02 0.3867  2.43597E-01 0.2094  3.17058E-01 0.1733
tfc    1       3       1       1       1       1       1       1       1
        500  3.17058E-01  1.73341E-01
