         1         1         2        16
         1         1
   5.0000       16.000       1.0000      -100.10      0.10000      0.10000    
   1.0000       6.0000       1.0000       139.90      0.10000      0.10000    
  -100.10      0.10000       50.100       2.0000    
   0.0000       5.0000       50.000       1.0000    
   0.0000       1.0000       50.000       1.0000       1.0000       80.000    
   1.0000       3.0000       110.00       1.0000       8.0000       150.00    
   1.0000       2.0000       190.00       1.0000       1.0000       240.00    
   1.0000    
   0.0000       1.0000       1.0000       1.0000    
   100.00    
   0.0000       0.0000       0.0000       0.0000       0.0000       15.166    
   5.2659       2.5880      0.54688       1.1481       14.462       2.8292    
  0.65463      0.74890       2.3805       7.3674       1.5596      0.73427    
  0.72732      0.88400      0.50000      0.52504      0.79165      0.82497    
   1.3651      0.29452      0.27542      0.40726      0.60506       31.243    
  0.42031      0.17665      0.15083      0.32437       19.188      0.27247    
  0.15855      0.15042      0.32100       0.0000      0.24159      0.15439    
  0.14662      0.20958      0.82219      0.24462      0.13225      0.13200    
  0.16381      0.29079      0.26331      0.13670      0.95887E-01  0.13491    
  0.40116      0.36170      0.13111      0.78793E-01  0.97617E-01  0.75191E-01
  0.70625E-01  0.78856E-01  0.82930E-01  0.70323E-01  0.21512      0.25622E-01
  0.43066E-01  0.52743E-01  0.47392E-01  0.62892E-01   0.0000      0.17898E-01
  0.31295E-01  0.51182E-01   0.0000       0.0000       0.0000       0.0000    
   0.0000       0.0000    
   100.00    
   0.0000       0.0000       0.0000       0.0000       0.0000       0.0000    
   0.0000       0.0000       0.0000       0.0000       0.0000       0.0000    
   0.0000       0.0000       0.0000       0.0000       0.0000       0.0000    
   0.0000       0.0000       0.0000       0.0000       0.0000       0.0000    
   0.0000       0.0000       0.0000       6.7860       0.0000       0.0000    
   1.0503       3.7584       4.7147      0.46934       0.0000      0.49432    
   0.0000       3.6588      0.74745       0.0000      0.25901      0.82207    
   1.7280      0.48904       0.0000      0.31129      0.45590       1.3525    
  0.38241       1.1245      0.39569      0.33006      0.65031      0.24921    
   10.520      0.87338      0.28371      0.28808      0.12833      0.25104    
  0.11013      0.16823      0.79771E-01  0.58303E-01  0.20748      0.28113    
  0.12973      0.31728E-01  0.30038E-01  0.10524       0.0000      0.11961    
  0.60150E-01  0.70976E-01   0.0000       0.0000       0.0000       0.0000    
   0.0000       0.0000    
