                                       2          10       36114089
 phtvr -- weight windows with dxtran, no Russian Roulette                       
ntal     3
    4    8  128
tally    4    2    0
f        1
      3
d        1
u        0
s        0
m        0
c        0
et      25
  0.00000E+00  1.00000E-05  1.00000E-03  1.00000E-01  2.00000E-01  3.00000E-01
  4.00000E-01  5.00000E-01  5.20000E-01  6.00000E-01  7.00000E-01  8.00000E-01
  9.00000E-01  1.00000E+00  1.02500E+00  1.50000E+00  2.00000E+00  2.50000E+00
  3.00000E+00  3.50000E+00  4.00000E+00  4.50000E+00  5.00000E+00  5.50000E+00
t        0
vals
  0.00000E+00 0.0000  0.00000E+00 0.0000  0.00000E+00 0.0000  8.00035E-11 0.2313
  6.13292E-11 0.4888  1.37221E-10 0.2531  9.36260E-11 0.7576  8.96236E-11 0.8990
  1.82143E-10 0.6287  7.22291E-14 0.9474  9.13762E-11 0.8329  5.49298E-11 0.7945
  4.03532E-15 0.9487  1.79142E-10 0.9485  0.00000E+00 0.0000  5.52474E-10 0.9357
  5.01335E-11 0.9486  1.59310E-10 0.8209  0.00000E+00 0.0000  0.00000E+00 0.0000
  0.00000E+00 0.0000  5.12326E-11 0.9487  1.78374E-09 0.2401  0.00000E+00 0.0000
  3.56636E-09 0.2348
tfc    1       1       1       1       1       1       1      25       1
         10  3.56636E-09  2.34843E-01
tally    8    2    0
f        1
      3
d        1
u        0
s        0
m        0
c        0
et      25
  0.00000E+00  1.00000E-05  1.00000E-03  1.00000E-01  2.00000E-01  3.00000E-01
  4.00000E-01  5.00000E-01  5.20000E-01  6.00000E-01  7.00000E-01  8.00000E-01
  9.00000E-01  1.00000E+00  1.02500E+00  1.50000E+00  2.00000E+00  2.50000E+00
  3.00000E+00  3.50000E+00  4.00000E+00  4.50000E+00  5.00000E+00  5.50000E+00
t        0
vals
  0.00000E+00 0.0000  4.31270E-08 0.9487  0.00000E+00 0.0000  7.78383E-14 0.7924
  3.21807E-09 0.9468  3.59770E-11 0.8784  5.26859E-15 0.6940  1.28918E-12 0.6514
  4.84212E-14 0.8686  1.65193E-32 0.9487  5.46458E-13 0.9487  1.66940E-12 0.6329
  0.00000E+00 0.0000  2.00879E-10 0.9487  0.00000E+00 0.0000  4.64234E-08 0.9487
  1.58196E-12 0.9487  1.74205E-08 0.9487  0.00000E+00 0.0000  4.36940E-08 0.9487
  6.95609E-08 0.9486  4.57857E-08 0.9487  2.53143E-07 0.3174  0.00000E+00 0.0000
  5.22614E-07 0.0800
tfc    1       1       1       1       1       1       1      25       1
         10  5.22614E-07  7.99546E-02
tally  128    2    0
f        1
      3
d        1
u        0
s        0
m        0
c        0
et       4
  0.00000E+00  1.00000E-10  2.00000E+01
t        0
vals
  0.00000E+00 0.0000  4.31270E-20 0.9487  1.90946E-06 0.1514  1.90946E-06 0.1514
tfc    1       1       1       1       1       1       1       4       1
         10  1.90946E-06  1.51426E-01
