                                       2        1571         429490
 testprob08 -- use surface source from prob7                                    
ntal     8
    4    5    8   14   15   26    6   24
tally    4    1    0
f        1
      7
d        1
u        0
s        0
m        0
c        0
et       7
  1.00000E+00  2.00000E+00  3.00000E+00  5.00000E+00  7.00000E+00  2.00000E+01
t        0
vals
  5.30217E-04 0.0766  1.65538E-04 0.0566  8.92969E-05 0.0637  5.34410E-05 0.0738
  1.17617E-05 0.1522  2.29721E-05 0.1005  8.73226E-04 0.0569
tfc    2       1       1       1       1       1       1       7       1
       1000  8.52967E-04  7.48239E-02
       1571  8.73226E-04  5.68611E-02
tally    5    1    1
f        1
d        2
u        0
s        0
m        0
c        0
e        0
t        0
vals
  6.25319E-04 0.0969  4.47913E-04 0.0696
tfc    2       1       1       1       1       1       1       1       1
       1000  5.44936E-04  9.20706E-02
       1571  6.25319E-04  9.68977E-02
tally    8    2    0
f        2
      6      7
d        1
u        0
s        0
m        0
c        0
e        0
t        0
vals
  2.11284E-04 0.2525  1.58962E-04 0.4876
tfc    2       1       1       1       1       1       1       1       1
       1000  2.06074E-04  2.95693E-01
       1571  2.11284E-04  2.52517E-01
tally   14    2    0
f        1
      7
d        1
u        0
s        0
m        0
c        0
et       5
  1.00000E-01  1.00000E+00  1.00000E+01  1.00000E+02
t        0
vals
  4.38945E-09 0.5488  6.21149E-08 0.3060  7.99696E-07 0.1565  1.24120E-10 0.5922
  8.66325E-07 0.1546
tfc    2       1       1       1       1       1       1       5       1
       1000  9.85093E-07  1.86725E-01
       1571  8.66325E-07  1.54568E-01
tally   15    2    1
f        1
d        2
u        0
s        0
m        0
c        0
e        0
t        0
vals
  4.07292E-07 0.2244  3.30767E-07 0.1890
tfc    2       1       1       1       1       1       1       1       1
       1000  3.72785E-07  2.54257E-01
       1571  4.07292E-07  2.24442E-01
tally   26    2    0
f        2
      6      7
d        1
u        0
s        0
m        0
c        0
et       7
  1.00000E-02  1.00000E-01  1.00000E+00  5.00000E+00  1.00000E+01  2.00000E+01
t        0
vals
  0.00000E+00 0.0000  5.29070E-10 0.9999  5.88577E-10 0.4222  7.75162E-08 0.1816
  2.02190E-09 0.2932  4.05276E-11 0.6520  8.06963E-08 0.1762  5.61684E-12 0.9999
  5.55287E-11 0.9999  7.62415E-10 0.3002  6.79296E-08 0.1601  9.28579E-10 0.5248
  3.51628E-11 0.6148  6.97169E-08 0.1572
tfc    2       1       1       1       1       1       1       7       1
       1000  8.80648E-08  2.21174E-01
       1571  8.06963E-08  1.76192E-01
tally    6    3    0
f        2
      7      6
d        1
u        0
s        0
m        0
c        0
e        0
t        0
vals
  1.75516E-05 0.0447  1.50250E-05 0.0412
tfc    2       1       1       1       1       1       1       1       1
       1000  1.74707E-05  5.66628E-02
       1571  1.75516E-05  4.46988E-02
tally   24    4    0
f        1
      7
d        1
u        0
s        0
m        0
c        0
et       7
  1.00000E-02  1.00000E-01  1.00000E+00  1.00000E+01  1.00000E+02  1.00000E+03
t        0
vals
  5.62943E-10 0.3513  3.06106E-09 0.3555  1.69916E-08 0.5470  2.73206E-08 0.2827
  0.00000E+00 0.0000  0.00000E+00 0.0000  4.79362E-08 0.3375
tfc    2       1       1       1       1       1       1       7       1
       1000  5.28228E-08  4.39813E-01
       1571  4.79362E-08  3.37546E-01
