wwe:n  2.0000E+01
wwn1:n   -1.0000E+00 -1.0000E+00  0.0000E+00  0.0000E+00  0.0000E+00
          0.0000E+00  0.0000E+00  0.0000E+00  0.0000E+00  0.0000E+00
          0.0000E+00 -1.0000E+00 -1.0000E+00  0.0000E+00
wwe:p  1.0000E+02
wwn1:p   -1.0000E+00 -1.0000E+00  0.0000E+00  0.0000E+00  0.0000E+00
          0.0000E+00  0.0000E+00  0.0000E+00  0.0000E+00  0.0000E+00
          0.0000E+00 -1.0000E+00 -1.0000E+00  0.0000E+00
wwe:e  1.0000E+02
wwn1:e   -1.0000E+00 -1.0000E+00  0.0000E+00  0.0000E+00  0.0000E+00
          0.0000E+00  0.0000E+00  0.0000E+00  0.0000E+00  0.0000E+00
          0.0000E+00 -1.0000E+00 -1.0000E+00  0.0000E+00
