wwe:n  1.0000E+00  2.0000E+01
wwn1:n   -1.0000E+00 -1.0000E+00  0.0000E+00  8.3487E+04  1.0964E+05
          1.0644E+05  1.8706E+05  0.0000E+00  0.0000E+00  0.0000E+00
          0.0000E+00 -1.0000E+00 -1.0000E+00  0.0000E+00
wwn2:n   -1.0000E+00 -1.0000E+00  0.0000E+00  6.1586E+03  5.9709E+03
          5.9709E+03  1.1590E+04  0.0000E+00  0.0000E+00  0.0000E+00
          0.0000E+00 -1.0000E+00 -1.0000E+00  0.0000E+00
wwe:p  1.0000E-01  1.0000E+00  1.0000E+01  1.0000E+02
wwn1:p   -1.0000E+00 -1.0000E+00  0.0000E+00  0.0000E+00  0.0000E+00
          0.0000E+00  9.8094E+02  0.0000E+00  0.0000E+00  0.0000E+00
          0.0000E+00 -1.0000E+00 -1.0000E+00  0.0000E+00
wwn2:p   -1.0000E+00 -1.0000E+00  0.0000E+00  0.0000E+00  1.6625E+03
          1.3452E+02  1.1035E+02  0.0000E+00  0.0000E+00  0.0000E+00
          0.0000E+00 -1.0000E+00 -1.0000E+00  0.0000E+00
wwn3:p   -1.0000E+00 -1.0000E+00  0.0000E+00  0.0000E+00  3.6152E+01
          1.2939E+01  1.0802E+01  0.0000E+00  0.0000E+00  0.0000E+00
          0.0000E+00 -1.0000E+00 -1.0000E+00  0.0000E+00
wwn4:p   -1.0000E+00 -1.0000E+00  0.0000E+00  0.0000E+00  3.9058E-01
          4.2053E+00  4.2053E+00  0.0000E+00  0.0000E+00  0.0000E+00
          0.0000E+00 -1.0000E+00 -1.0000E+00  0.0000E+00
wwe:e  1.0000E-02  1.0000E-01  1.0000E+00  1.0000E+02
wwn1:e   -1.0000E+00 -1.0000E+00  0.0000E+00  0.0000E+00  0.0000E+00
          0.0000E+00  1.5178E+04  0.0000E+00  0.0000E+00  0.0000E+00
          0.0000E+00 -1.0000E+00 -1.0000E+00  0.0000E+00
wwn2:e   -1.0000E+00 -1.0000E+00  0.0000E+00  0.0000E+00  0.0000E+00
          0.0000E+00  1.8157E+02  0.0000E+00  0.0000E+00  0.0000E+00
          0.0000E+00 -1.0000E+00 -1.0000E+00  0.0000E+00
wwn3:e   -1.0000E+00 -1.0000E+00  0.0000E+00  0.0000E+00  0.0000E+00
          1.0285E+03  4.1657E+00  0.0000E+00  0.0000E+00  0.0000E+00
          0.0000E+00 -1.0000E+00 -1.0000E+00  0.0000E+00
wwn4:e   -1.0000E+00 -1.0000E+00  0.0000E+00  0.0000E+00  0.0000E+00
          2.5340E+00  6.3843E-01  0.0000E+00  0.0000E+00  0.0000E+00
          0.0000E+00 -1.0000E+00 -1.0000E+00  0.0000E+00
