testprob24 -- reflecting lattice.  15x15 at 3.75 w/o u-235 enrichment.
1    1 -10.182 -1 u=2
2    2 -.001 1 -2 u=2
3    3 -6.55 2 -3 u=2
4    4 -1.0 3 u=2
5    4 -1.0 -14:15 u=3
6    3 -6.55 14 -15 u=3
7    4 -1.0 -4 +5 -6 +7 u=1 lat=1 fill=-8:8 -8:8 0:0
     1 17r 2 14r 1 1 2 14r 1 1 2 2 3 2 2 3 2 2r 3 2 2
     3 2 2 1 1 2 6r 3 2 6r 1 1 2 3r 3
     2 4r 3 2 3r 1 1 2 2 3 2 8r 3 2 2
     1 1 2 14r 1 1 2 2r 3 2 2r 3 2 2r
     3 2 2r 1 1 2 14r 1 1 2 2 3 2 8r 3
     2 2 1 1 2 3r 3 2 4r 3 2 3r 1 1
     2 6r 3 2 6r 1 1 2 2 3 2 2 3
     2 2r 3 2 2 3 2 2 1 1 2 14r 1 1 2 14r 1 17r
8    0 -8     -10     -12 u=4 fill=1
9    5 -7.9 8:10 u=4
10   4 -1.0 -8     -10     +12 u=4
11   4 -1.0 -16 +9         u=5 lat=1 fill=0:6 0:0 0:0 4 3r 5 2r
12   0 +28 +29 -19 -17 +13 -18 fill=5
13   0 +28 -19 +17 -31 +13 -18 fill=5 (-11.5 23 0)
14   0 +28 -19 +31 -32 +13 -18 fill=5 (-23 46 0)
15   0 +28 -19 +32 -33 +13 -18 fill=5 (-69 69 0)
16   4 -1.0 +28 -19 +33 +13 -18
17   4 -1.0 +28 +29 -19 -24 +18
18   6 -7.9 (+28 +29 +19 -20 +23 -25):(+28 +29 -19 +23 -13)
     :(+28 +29 -19 +24 -25)
19   7 -7.088254305 (+28 +29 +20 -21 +22 -25):(+28 +29 -20 +22 -23)
20   0 -28:-29:+21:-22:+25

1    cz  .464693
2    cz  .483743
3    cz  .535940
4    px  .71501
5    px -.71501
6    py  .71501
7    py -.71501
8    px  11.0
9    px -11.0
10   py  11.0
12   pz  400.903
13   pz  34.0
14   cz  .652018
15   cz  .690118
16   px  12.0
17   py  12.0
18   pz  439.0
19   cz  82.25
20   cz  83.25
21   cz  116.35
22   pz  0.0
23   pz  33.0
24   pz  447.9
25   pz  485.9
*28  px  0.0
*29  py  0.0
31   py  35.0
32   py  58.0
33   py  81.0

imp:n 1 18r 0
nonu 1 18r 0
kcode 200 .7 1 3 4500 0
ksrc 1.5 1.5 217.4515
m1   92235.50d 1.31964e20   92237.50d 1.31964e20 92238.40c 2.15905e22
m2    8016.40c 1.00000000
m3   41093.40c 1.
m4   1001.60c .666666667    8016.40c .333333333
m5   26058.60c -.68874500    5010. -.00178200    5011.40c -.00721800
m6   26058.60c -.69500000
m7   26058.60c .830266962    6012.40c .133437328
mt4  lwtr.01t
drxs
prdmp 2j -1
f6:n  8 12 13 14 15 $ heating in mat=0 cells kills mcnp4.2
sd6   1 4r
dbcn  j  j  1  1

