Test for elastic scattering recoil particle (H2)
  1  1  -1   -1 2 -3
  2  0            -4 (1:-2:3)
  3  0             4

c ---------------------------------------------------------------
  1  cz  4.0
  2  pz  0.0
  3  pz  1.0
  4  so  50.0

c ---------------------------------------------------------------
  m1   1002 1.0
  sdef sur = 2 erg = 23080 par = 1 dir = 1 pos = 0 0 0
  imp:n 1 1 0
  dbcn  41j  -1.  5j   0       $ Do not override thread-safe checks
  phys:n 23080 6j 200
  phys:d 23080 10j -1 -1
  cut:n  1j 200.0
  cut:d  1j 0.001
  tropt  mcscat=fnal2 eloss=strag1 nreact=remove nescat=on
  mode   n d
  lea     0
  f1:n  3
  fq1   c e
 *c1    0 299i 1.71888
c     Multipliers convert to tally per steradian.
*cm1 3.183099e+07  1.061033e+07  6.366198e+06  4.547154e+06  3.536777e+06
     2.893726e+06  2.448500e+06  2.122066e+06  1.872389e+06  1.675298e+06
     1.515747e+06  1.383956e+06  1.273229e+06  1.178917e+06  1.097613e+06
     1.026793e+06  9.645696e+05  9.094516e+05  8.602923e+05  8.161708e+05
     7.763618e+05  7.402487e+05  7.073522e+05  6.772493e+05  6.496094e+05
     6.241321e+05  6.005802e+05  5.787410e+05  5.584364e+05  5.395046e+05
     5.218161e+05  5.052506e+05  4.897045e+05  4.750865e+05  4.613160e+05
     4.483213e+05  4.360386e+05  4.244109e+05  4.133873e+05  4.029219e+05
     3.929732e+05  3.835040e+05  3.744805e+05  3.658718e+05  3.576500e+05
     3.497895e+05  3.422672e+05  3.350616e+05  3.281538e+05  3.215238e+05
     3.151571e+05  3.090375e+05  3.031517e+05  2.974848e+05  2.920269e+05
     2.867646e+05  2.816897e+05  2.767907e+05  2.720593e+05  2.674864e+05
     2.630656e+05  2.587885e+05  2.546475e+05  2.506373e+05  2.467518e+05
     2.429843e+05  2.393307e+05  2.357851e+05  2.323430e+05  2.289999e+05
     2.257520e+05  2.225943e+05  2.195244e+05  2.165376e+05  2.136311e+05
     2.108018e+05  2.080459e+05  2.053617e+05  2.027457e+05  2.001954e+05
     1.977087e+05  1.952829e+05  1.929158e+05  1.906054e+05  1.883497e+05
     1.861470e+05  1.839950e+05  1.818924e+05  1.798371e+05  1.778277e+05
     1.758628e+05  1.739410e+05  1.720605e+05  1.702203e+05  1.684192e+05
     1.666556e+05  1.649288e+05  1.632372e+05  1.615799e+05  1.599562e+05
     1.583645e+05  1.568044e+05  1.552746e+05  1.537744e+05  1.523030e+05
     1.508595e+05  1.494429e+05  1.480528e+05  1.466883e+05  1.453487e+05
     1.440334e+05  1.427418e+05  1.414729e+05  1.402266e+05  1.390019e+05
     1.377985e+05  1.366157e+05  1.354531e+05  1.343101e+05  1.331862e+05
     1.320810e+05  1.309939e+05  1.299247e+05  1.288726e+05  1.278377e+05
     1.268190e+05  1.258166e+05  1.248299e+05  1.238584e+05  1.229021e+05
     1.219603e+05  1.210329e+05  1.201196e+05  1.192198e+05  1.183335e+05
     1.174602e+05  1.165998e+05  1.157517e+05  1.149161e+05  1.140923e+05
     1.132804e+05  1.124799e+05  1.116906e+05  1.109124e+05  1.101448e+05
     1.093878e+05  1.086412e+05  1.079047e+05  1.071781e+05  1.064614e+05
     1.057540e+05  1.050560e+05  1.043671e+05  1.036873e+05  1.030162e+05
     1.023538e+05  1.016998e+05  1.010542e+05  1.004166e+05  9.978717e+04
     9.916542e+04  9.855149e+04  9.794506e+04  9.734605e+04  9.675437e+04
     9.616973e+04  9.559229e+04  9.502156e+04  9.445773e+04  9.390049e+04
     9.334979e+04  9.280556e+04  9.226764e+04  9.173582e+04  9.121019e+04
     9.069056e+04  9.017676e+04  8.966880e+04  8.916648e+04  8.866976e+04
     8.817859e+04  8.769283e+04  8.721235e+04  8.673715e+04  8.626710e+04
     8.580207e+04  8.534203e+04  8.488698e+04  8.443668e+04  8.399117e+04
     8.355029e+04  8.311410e+04  8.268236e+04  8.225512e+04  8.183224e+04
     8.141376e+04  8.099946e+04  8.058939e+04  8.018346e+04  7.978159e+04
     7.938374e+04  7.898983e+04  7.859981e+04  7.821362e+04  7.783121e+04
     7.745249e+04  7.707750e+04  7.670609e+04  7.633825e+04  7.597391e+04
     7.561308e+04  7.525558e+04  7.490152e+04  7.455070e+04  7.420323e+04
     7.385894e+04  7.351787e+04  7.317990e+04  7.284503e+04  7.251320e+04
     7.218442e+04  7.185857e+04  7.153565e+04  7.121565e+04  7.089850e+04
     7.058410e+04  7.027257e+04  6.996369e+04  6.965760e+04  6.935409e+04
     6.905330e+04  6.875505e+04  6.845936e+04  6.816624e+04  6.787561e+04
     6.758746e+04  6.730171e+04  6.701839e+04  6.673745e+04  6.645883e+04
     6.618258e+04  6.590856e+04  6.563683e+04  6.536733e+04  6.510004e+04
     6.483489e+04  6.457195e+04  6.431111e+04  6.405234e+04  6.379569e+04
     6.354107e+04  6.328845e+04  6.303788e+04  6.278926e+04  6.254259e+04
     6.229788e+04  6.205503e+04  6.181411e+04  6.157503e+04  6.133779e+04
     6.110240e+04  6.086878e+04  6.063695e+04  6.040687e+04  6.017858e+04
     5.995194e+04  5.972704e+04  5.950380e+04  5.928225e+04  5.906234e+04
     5.884404e+04  5.862736e+04  5.841226e+04  5.819874e+04  5.798677e+04
     5.777637e+04  5.756745e+04  5.736004e+04  5.715415e+04  5.694970e+04
     5.674675e+04  5.654520e+04  5.634509e+04  5.614640e+04  5.594910e+04
     5.575317e+04  5.555864e+04  5.536544e+04  5.517359e+04  5.498306e+04
     5.479385e+04  5.460591e+04  5.441928e+04  5.423393e+04  5.404982e+04
     5.386698e+04  5.368533e+04  5.350494e+04  5.332574e+04  5.314776e+04
     7.959538e-02
  f11:d  1 2 3
  e11  1.0 198i 200.0
  f4:d   1
  e4   1.0 198i 200.0
c ---------------------------------------------------------------
  print
  nps   100000
  prdmp 2j -1 1 10000
