                                       2      100000        1398276
 testprob33 -- Test distribution of transformations with chopped Gaussian       
ntal     1
    1
tally    1    1    0
f        7
     13     14     15     16     17     18      0
d        1
u        0
s        0
m        0
c        2
  0.00000E+00  1.00000E+00
e        0
t        0
vals
  1.68340E-01 0.0044  0.00000E+00 0.0000  3.32600E-01 0.0045  0.00000E+00 0.0000
  4.96080E-01 0.0045  0.00000E+00 0.0000  0.00000E+00 0.0000  1.68340E-01 0.0044
  0.00000E+00 0.0000  3.32600E-01 0.0045  0.00000E+00 0.0000  4.96080E-01 0.0045
  9.97020E-01 0.0013  9.97020E-01 0.0013
tfc   10       1       1       1       1       1       2       1       1
      10000  0.00000E+00  0.00000E+00
      20000  0.00000E+00  0.00000E+00
      30000  0.00000E+00  0.00000E+00
      40000  0.00000E+00  0.00000E+00
      50000  0.00000E+00  0.00000E+00
      60000  0.00000E+00  0.00000E+00
      70000  0.00000E+00  0.00000E+00
      80000  0.00000E+00  0.00000E+00
      90000  0.00000E+00  0.00000E+00
     100000  0.00000E+00  0.00000E+00
