 input file (left cylinder) for verification problem #07: conformal mesh         
 Number of histories used for normalizing tallies =        100000.00

 Mesh Tally Number         4
 This is a neutron mesh tally.

 Tally bin boundaries:
  Cylinder origin at   1.25E+00  0.00E+00 -5.00E-01, axis in  0.000E+00 0.000E+00 1.000E+00 direction
    R direction:      0.00      0.22      0.32      0.39      0.45      0.50
    Z direction:      0.00      0.10      0.20      0.30      0.40      0.50      0.60      0.70      0.80      0.90      1.00
    Theta direction (revolutions):     0.000     0.042     0.083     0.125     0.167     0.208     0.250     0.292     0.333     0.375     0.417     0.458     0.500     0.542     0.583     0.625     0.667     0.708     0.750     0.792     0.833     0.875     0.917     0.958     1.000
    Energy bin boundaries: 0.00E+00 1.00E+36

        R         Z         Th    Result     Rel Error
      0.112     0.050     0.021 5.64158E-01 4.46986E-02
      0.112     0.050     0.062 5.83015E-01 4.19917E-02
      0.112     0.050     0.104 5.87454E-01 4.10236E-02
      0.112     0.050     0.146 5.88971E-01 4.11728E-02
      0.112     0.050     0.188 5.86695E-01 3.93512E-02
      0.112     0.050     0.229 5.70616E-01 3.87201E-02
      0.112     0.050     0.271 6.30993E-01 3.80689E-02
      0.112     0.050     0.312 5.91151E-01 3.87936E-02
      0.112     0.050     0.354 5.67661E-01 3.96737E-02
      0.112     0.050     0.396 6.06483E-01 4.01650E-02
      0.112     0.050     0.438 6.17777E-01 3.93954E-02
      0.112     0.050     0.479 6.93879E-01 4.14763E-02
      0.112     0.050     0.521 6.25416E-01 4.24042E-02
      0.112     0.050     0.562 5.91916E-01 4.10384E-02
      0.112     0.050     0.604 5.91750E-01 4.08092E-02
      0.112     0.050     0.646 5.82768E-01 4.15249E-02
      0.112     0.050     0.688 5.73534E-01 4.12995E-02
      0.112     0.050     0.729 5.66912E-01 4.03656E-02
      0.112     0.050     0.771 5.85948E-01 4.01764E-02
      0.112     0.050     0.812 5.65916E-01 4.02741E-02
      0.112     0.050     0.854 5.74555E-01 4.08678E-02
      0.112     0.050     0.896 5.90410E-01 4.14428E-02
      0.112     0.050     0.938 5.53356E-01 4.14722E-02
      0.112     0.050     0.979 5.72041E-01 4.42811E-02
      0.112     0.150     0.021 5.29151E-01 4.59532E-02
      0.112     0.150     0.062 5.64523E-01 4.26983E-02
      0.112     0.150     0.104 5.83965E-01 4.11206E-02
      0.112     0.150     0.146 5.84238E-01 3.95439E-02
      0.112     0.150     0.188 6.11687E-01 4.05436E-02
      0.112     0.150     0.229 5.73513E-01 3.96224E-02
      0.112     0.150     0.271 5.81673E-01 4.02061E-02
      0.112     0.150     0.312 5.41457E-01 4.05479E-02
      0.112     0.150     0.354 5.33054E-01 4.11879E-02
      0.112     0.150     0.396 5.91094E-01 4.11505E-02
      0.112     0.150     0.438 6.48975E-01 4.05714E-02
      0.112     0.150     0.479 5.82201E-01 4.38590E-02
      0.112     0.150     0.521 5.80462E-01 4.40679E-02
      0.112     0.150     0.562 5.91064E-01 4.20494E-02
      0.112     0.150     0.604 5.66907E-01 4.16827E-02
      0.112     0.150     0.646 5.58523E-01 4.10046E-02
      0.112     0.150     0.688 5.65385E-01 4.08891E-02
      0.112     0.150     0.729 5.56714E-01 4.12838E-02
      0.112     0.150     0.771 5.37622E-01 4.13071E-02
      0.112     0.150     0.812 5.66468E-01 4.09104E-02
      0.112     0.150     0.854 5.73672E-01 4.10135E-02
      0.112     0.150     0.896 5.60174E-01 4.21870E-02
      0.112     0.150     0.938 5.51090E-01 4.29507E-02
      0.112     0.150     0.979 4.94106E-01 4.60442E-02
      0.112     0.250     0.021 5.21499E-01 4.47257E-02
      0.112     0.250     0.062 5.87234E-01 4.22821E-02
      0.112     0.250     0.104 5.40070E-01 4.22778E-02
      0.112     0.250     0.146 5.39827E-01 4.24652E-02
      0.112     0.250     0.188 5.41658E-01 4.12380E-02
      0.112     0.250     0.229 5.43322E-01 4.18456E-02
      0.112     0.250     0.271 5.22422E-01 4.12279E-02
      0.112     0.250     0.312 5.83121E-01 4.02787E-02
      0.112     0.250     0.354 5.47613E-01 4.11878E-02
      0.112     0.250     0.396 6.00250E-01 4.10481E-02
      0.112     0.250     0.438 6.30797E-01 4.04998E-02
      0.112     0.250     0.479 5.78338E-01 4.26058E-02
      0.112     0.250     0.521 5.89175E-01 4.35092E-02
      0.112     0.250     0.562 6.18385E-01 4.13497E-02
      0.112     0.250     0.604 5.86152E-01 4.12611E-02
      0.112     0.250     0.646 5.88951E-01 4.00035E-02
      0.112     0.250     0.688 5.53924E-01 4.06715E-02
      0.112     0.250     0.729 5.43175E-01 4.01879E-02
      0.112     0.250     0.771 5.50211E-01 4.05989E-02
      0.112     0.250     0.812 5.37015E-01 4.12725E-02
      0.112     0.250     0.854 5.51136E-01 4.18557E-02
      0.112     0.250     0.896 5.52331E-01 4.16620E-02
      0.112     0.250     0.938 5.54032E-01 4.34497E-02
      0.112     0.250     0.979 5.14986E-01 4.71873E-02
      0.112     0.350     0.021 5.21546E-01 4.59244E-02
      0.112     0.350     0.062 5.04098E-01 4.50579E-02
      0.112     0.350     0.104 5.26951E-01 4.35767E-02
      0.112     0.350     0.146 5.42447E-01 4.24827E-02
      0.112     0.350     0.188 5.49254E-01 4.15727E-02
      0.112     0.350     0.229 5.57752E-01 4.06058E-02
      0.112     0.350     0.271 5.49062E-01 4.11422E-02
      0.112     0.350     0.312 5.46582E-01 4.13100E-02
      0.112     0.350     0.354 5.67587E-01 4.10112E-02
      0.112     0.350     0.396 5.74463E-01 4.14057E-02
      0.112     0.350     0.438 5.51920E-01 4.22137E-02
      0.112     0.350     0.479 5.57276E-01 4.49657E-02
      0.112     0.350     0.521 5.49465E-01 4.53975E-02
      0.112     0.350     0.562 5.51361E-01 4.33861E-02
      0.112     0.350     0.604 5.67239E-01 4.14354E-02
      0.112     0.350     0.646 5.77058E-01 4.07872E-02
      0.112     0.350     0.688 5.76986E-01 4.00459E-02
      0.112     0.350     0.729 6.28687E-01 3.96056E-02
      0.112     0.350     0.771 5.90704E-01 3.96112E-02
      0.112     0.350     0.812 5.30390E-01 4.18496E-02
      0.112     0.350     0.854 5.42894E-01 4.13459E-02
      0.112     0.350     0.896 5.11969E-01 4.34584E-02
      0.112     0.350     0.938 5.21891E-01 4.39246E-02
      0.112     0.350     0.979 5.41302E-01 4.62343E-02
      0.112     0.450     0.021 4.92984E-01 4.65012E-02
      0.112     0.450     0.062 5.18493E-01 4.39049E-02
      0.112     0.450     0.104 5.33618E-01 4.24872E-02
      0.112     0.450     0.146 5.65737E-01 4.18677E-02
      0.112     0.450     0.188 5.83608E-01 4.06857E-02
      0.112     0.450     0.229 5.42483E-01 4.12270E-02
      0.112     0.450     0.271 5.51164E-01 4.12776E-02
      0.112     0.450     0.312 5.32952E-01 4.20484E-02
      0.112     0.450     0.354 5.35913E-01 4.20057E-02
      0.112     0.450     0.396 5.55322E-01 4.21554E-02
      0.112     0.450     0.438 5.84033E-01 4.27338E-02
      0.112     0.450     0.479 5.09214E-01 4.43977E-02
      0.112     0.450     0.521 5.57899E-01 4.51208E-02
      0.112     0.450     0.562 5.57824E-01 4.21784E-02
      0.112     0.450     0.604 5.88230E-01 4.13294E-02
      0.112     0.450     0.646 5.87061E-01 4.12407E-02
      0.112     0.450     0.688 5.59879E-01 4.09461E-02
      0.112     0.450     0.729 5.94531E-01 4.07763E-02
      0.112     0.450     0.771 5.65232E-01 4.06515E-02
      0.112     0.450     0.812 5.13002E-01 4.16672E-02
      0.112     0.450     0.854 5.20341E-01 4.35508E-02
      0.112     0.450     0.896 5.18807E-01 4.33135E-02
      0.112     0.450     0.938 5.48484E-01 4.30681E-02
      0.112     0.450     0.979 5.25953E-01 4.67563E-02
      0.112     0.550     0.021 5.37640E-01 4.64907E-02
      0.112     0.550     0.062 5.21475E-01 4.40880E-02
      0.112     0.550     0.104 5.56342E-01 4.19880E-02
      0.112     0.550     0.146 5.65529E-01 4.17003E-02
      0.112     0.550     0.188 5.47820E-01 4.21757E-02
      0.112     0.550     0.229 5.45683E-01 4.18112E-02
      0.112     0.550     0.271 4.97629E-01 4.30082E-02
      0.112     0.550     0.312 5.38187E-01 4.20768E-02
      0.112     0.550     0.354 5.67167E-01 4.18144E-02
      0.112     0.550     0.396 5.89520E-01 4.17961E-02
      0.112     0.550     0.438 5.52440E-01 4.09529E-02
      0.112     0.550     0.479 5.57579E-01 4.38612E-02
      0.112     0.550     0.521 5.65092E-01 4.35295E-02
      0.112     0.550     0.562 6.06017E-01 4.16029E-02
      0.112     0.550     0.604 6.02369E-01 4.08925E-02
      0.112     0.550     0.646 5.97108E-01 4.00202E-02
      0.112     0.550     0.688 5.63171E-01 4.09818E-02
      0.112     0.550     0.729 5.53174E-01 4.09652E-02
      0.112     0.550     0.771 5.71405E-01 4.07499E-02
      0.112     0.550     0.812 5.69561E-01 4.09603E-02
      0.112     0.550     0.854 5.47355E-01 4.12826E-02
      0.112     0.550     0.896 5.59346E-01 4.21521E-02
      0.112     0.550     0.938 5.65400E-01 4.33765E-02
      0.112     0.550     0.979 5.37766E-01 4.56744E-02
      0.112     0.650     0.021 5.57673E-01 4.62422E-02
      0.112     0.650     0.062 5.84115E-01 4.26087E-02
      0.112     0.650     0.104 5.34266E-01 4.28269E-02
      0.112     0.650     0.146 5.54386E-01 4.13310E-02
      0.112     0.650     0.188 5.05831E-01 4.14505E-02
      0.112     0.650     0.229 5.36554E-01 4.17613E-02
      0.112     0.650     0.271 5.41182E-01 4.06145E-02
      0.112     0.650     0.312 5.63620E-01 4.17776E-02
      0.112     0.650     0.354 5.42843E-01 4.12727E-02
      0.112     0.650     0.396 5.65775E-01 4.13430E-02
      0.112     0.650     0.438 5.79562E-01 4.13441E-02
      0.112     0.650     0.479 5.82723E-01 4.45622E-02
      0.112     0.650     0.521 5.90995E-01 4.40932E-02
      0.112     0.650     0.562 5.56465E-01 4.15496E-02
      0.112     0.650     0.604 5.48775E-01 4.17698E-02
      0.112     0.650     0.646 5.57080E-01 4.13431E-02
      0.112     0.650     0.688 5.20500E-01 4.32683E-02
      0.112     0.650     0.729 5.21383E-01 4.22660E-02
      0.112     0.650     0.771 5.26682E-01 4.35864E-02
      0.112     0.650     0.812 5.41994E-01 4.20790E-02
      0.112     0.650     0.854 5.24950E-01 4.27226E-02
      0.112     0.650     0.896 5.50824E-01 4.19386E-02
      0.112     0.650     0.938 5.35733E-01 4.23717E-02
      0.112     0.650     0.979 5.67193E-01 4.54673E-02
      0.112     0.750     0.021 5.47407E-01 4.42580E-02
      0.112     0.750     0.062 5.09714E-01 4.42724E-02
      0.112     0.750     0.104 4.83311E-01 4.24497E-02
      0.112     0.750     0.146 5.58253E-01 4.18944E-02
      0.112     0.750     0.188 6.04517E-01 4.04537E-02
      0.112     0.750     0.229 5.92928E-01 3.92115E-02
      0.112     0.750     0.271 5.75856E-01 3.99240E-02
      0.112     0.750     0.312 5.86316E-01 4.13357E-02
      0.112     0.750     0.354 5.57082E-01 4.13480E-02
      0.112     0.750     0.396 5.44358E-01 4.29205E-02
      0.112     0.750     0.438 5.44152E-01 4.33447E-02
      0.112     0.750     0.479 5.24016E-01 4.55611E-02
      0.112     0.750     0.521 5.75646E-01 4.44040E-02
      0.112     0.750     0.562 5.56489E-01 4.27212E-02
      0.112     0.750     0.604 5.76562E-01 4.11154E-02
      0.112     0.750     0.646 5.66642E-01 4.08915E-02
      0.112     0.750     0.688 6.03564E-01 3.95765E-02
      0.112     0.750     0.729 5.83654E-01 3.99270E-02
      0.112     0.750     0.771 5.79445E-01 4.02972E-02
      0.112     0.750     0.812 5.74709E-01 4.06435E-02
      0.112     0.750     0.854 5.53893E-01 4.23443E-02
      0.112     0.750     0.896 5.20706E-01 4.37115E-02
      0.112     0.750     0.938 5.07689E-01 4.36698E-02
      0.112     0.750     0.979 5.34192E-01 4.55766E-02
      0.112     0.850     0.021 5.50780E-01 4.54105E-02
      0.112     0.850     0.062 5.19464E-01 4.39952E-02
      0.112     0.850     0.104 5.17532E-01 4.23532E-02
      0.112     0.850     0.146 5.24153E-01 4.27357E-02
      0.112     0.850     0.188 5.29054E-01 4.17707E-02
      0.112     0.850     0.229 5.64405E-01 4.18917E-02
      0.112     0.850     0.271 5.79397E-01 4.02059E-02
      0.112     0.850     0.312 6.09899E-01 3.98369E-02
      0.112     0.850     0.354 6.02744E-01 3.99424E-02
      0.112     0.850     0.396 5.97460E-01 4.02849E-02
      0.112     0.850     0.438 5.76771E-01 4.13639E-02
      0.112     0.850     0.479 5.80227E-01 4.45432E-02
      0.112     0.850     0.521 5.19166E-01 4.63306E-02
      0.112     0.850     0.562 5.13554E-01 4.48087E-02
      0.112     0.850     0.604 5.35421E-01 4.34477E-02
      0.112     0.850     0.646 5.49019E-01 4.23533E-02
      0.112     0.850     0.688 5.61846E-01 4.12196E-02
      0.112     0.850     0.729 5.84416E-01 4.10165E-02
      0.112     0.850     0.771 5.98628E-01 4.00986E-02
      0.112     0.850     0.812 5.97211E-01 4.01847E-02
      0.112     0.850     0.854 6.04398E-01 4.12316E-02
      0.112     0.850     0.896 5.36926E-01 4.22527E-02
      0.112     0.850     0.938 5.11827E-01 4.34769E-02
      0.112     0.850     0.979 5.26432E-01 4.45063E-02
      0.112     0.950     0.021 5.70282E-01 4.61213E-02
      0.112     0.950     0.062 5.57981E-01 4.26304E-02
      0.112     0.950     0.104 5.41656E-01 4.20008E-02
      0.112     0.950     0.146 6.14867E-01 4.02664E-02
      0.112     0.950     0.188 5.69084E-01 4.00899E-02
      0.112     0.950     0.229 5.74467E-01 3.99373E-02
      0.112     0.950     0.271 5.62099E-01 4.10746E-02
      0.112     0.950     0.312 5.94427E-01 4.00244E-02
      0.112     0.950     0.354 5.98596E-01 3.98503E-02
      0.112     0.950     0.396 6.01842E-01 4.02732E-02
      0.112     0.950     0.438 5.98896E-01 4.08823E-02
      0.112     0.950     0.479 6.04136E-01 4.28942E-02
      0.112     0.950     0.521 5.76156E-01 4.33835E-02
      0.112     0.950     0.562 6.18930E-01 4.02345E-02
      0.112     0.950     0.604 5.86982E-01 4.04999E-02
      0.112     0.950     0.646 5.85920E-01 3.93222E-02
      0.112     0.950     0.688 5.95219E-01 3.95204E-02
      0.112     0.950     0.729 6.08855E-01 3.94139E-02
      0.112     0.950     0.771 5.85676E-01 4.04091E-02
      0.112     0.950     0.812 5.83044E-01 4.01926E-02
      0.112     0.950     0.854 5.78759E-01 3.98878E-02
      0.112     0.950     0.896 5.72928E-01 4.12896E-02
      0.112     0.950     0.938 6.08608E-01 4.10869E-02
      0.112     0.950     0.979 5.75238E-01 4.38426E-02
      0.270     0.050     0.021 5.55872E-01 4.56679E-02
      0.270     0.050     0.062 5.48040E-01 4.50150E-02
      0.270     0.050     0.104 5.63436E-01 4.49443E-02
      0.270     0.050     0.146 5.24157E-01 4.58926E-02
      0.270     0.050     0.188 5.93679E-01 4.38073E-02
      0.270     0.050     0.229 6.24944E-01 4.28508E-02
      0.270     0.050     0.271 5.74138E-01 4.43258E-02
      0.270     0.050     0.312 5.80130E-01 4.43542E-02
      0.270     0.050     0.354 5.64500E-01 4.46960E-02
      0.270     0.050     0.396 5.74801E-01 4.42746E-02
      0.270     0.050     0.438 6.10438E-01 4.33518E-02
      0.270     0.050     0.479 6.26736E-01 4.38315E-02
      0.270     0.050     0.521 5.75701E-01 4.44788E-02
      0.270     0.050     0.562 5.76930E-01 4.46063E-02
      0.270     0.050     0.604 5.79181E-01 4.42672E-02
      0.270     0.050     0.646 5.83762E-01 4.42760E-02
      0.270     0.050     0.688 5.92174E-01 4.37306E-02
      0.270     0.050     0.729 5.87490E-01 4.33052E-02
      0.270     0.050     0.771 6.18931E-01 4.23670E-02
      0.270     0.050     0.812 5.72051E-01 4.43525E-02
      0.270     0.050     0.854 5.84997E-01 4.47831E-02
      0.270     0.050     0.896 5.60023E-01 4.51291E-02
      0.270     0.050     0.938 5.43563E-01 4.62291E-02
      0.270     0.050     0.979 5.30707E-01 4.67034E-02
      0.270     0.150     0.021 5.14336E-01 4.77828E-02
      0.270     0.150     0.062 5.53639E-01 4.56360E-02
      0.270     0.150     0.104 5.27671E-01 4.67201E-02
      0.270     0.150     0.146 5.86536E-01 4.47945E-02
      0.270     0.150     0.188 5.56410E-01 4.54536E-02
      0.270     0.150     0.229 5.65976E-01 4.44701E-02
      0.270     0.150     0.271 6.01670E-01 4.33997E-02
      0.270     0.150     0.312 5.55635E-01 4.52163E-02
      0.270     0.150     0.354 5.90475E-01 4.39103E-02
      0.270     0.150     0.396 5.83146E-01 4.44584E-02
      0.270     0.150     0.438 5.60900E-01 4.54503E-02
      0.270     0.150     0.479 5.94881E-01 4.48117E-02
      0.270     0.150     0.521 5.89422E-01 4.45745E-02
      0.270     0.150     0.562 5.95105E-01 4.39874E-02
      0.270     0.150     0.604 5.54210E-01 4.54861E-02
      0.270     0.150     0.646 5.54058E-01 4.56433E-02
      0.270     0.150     0.688 5.44438E-01 4.54696E-02
      0.270     0.150     0.729 5.28348E-01 4.66864E-02
      0.270     0.150     0.771 5.33850E-01 4.54493E-02
      0.270     0.150     0.812 5.79860E-01 4.53009E-02
      0.270     0.150     0.854 5.42175E-01 4.62514E-02
      0.270     0.150     0.896 4.96305E-01 4.83400E-02
      0.270     0.150     0.938 5.36719E-01 4.63866E-02
      0.270     0.150     0.979 5.19276E-01 4.73889E-02
      0.270     0.250     0.021 4.99255E-01 4.80866E-02
      0.270     0.250     0.062 5.33234E-01 4.72536E-02
      0.270     0.250     0.104 5.20369E-01 4.70677E-02
      0.270     0.250     0.146 5.32381E-01 4.63445E-02
      0.270     0.250     0.188 5.30022E-01 4.66825E-02
      0.270     0.250     0.229 5.56820E-01 4.54335E-02
      0.270     0.250     0.271 5.64474E-01 4.49583E-02
      0.270     0.250     0.312 5.46532E-01 4.58992E-02
      0.270     0.250     0.354 5.86156E-01 4.43503E-02
      0.270     0.250     0.396 5.57036E-01 4.50881E-02
      0.270     0.250     0.438 6.36843E-01 4.33283E-02
      0.270     0.250     0.479 6.02441E-01 4.44398E-02
      0.270     0.250     0.521 5.86191E-01 4.41869E-02
      0.270     0.250     0.562 6.03541E-01 4.39668E-02
      0.270     0.250     0.604 5.89494E-01 4.44164E-02
      0.270     0.250     0.646 5.83908E-01 4.45113E-02
      0.270     0.250     0.688 6.25743E-01 4.31326E-02
      0.270     0.250     0.729 5.95868E-01 4.42675E-02
      0.270     0.250     0.771 5.42624E-01 4.57314E-02
      0.270     0.250     0.812 5.39579E-01 4.65504E-02
      0.270     0.250     0.854 5.40841E-01 4.72408E-02
      0.270     0.250     0.896 4.93954E-01 4.86501E-02
      0.270     0.250     0.938 5.15663E-01 4.76734E-02
      0.270     0.250     0.979 4.95580E-01 4.81491E-02
      0.270     0.350     0.021 5.23667E-01 4.74695E-02
      0.270     0.350     0.062 5.12594E-01 4.85114E-02
      0.270     0.350     0.104 5.09183E-01 4.75102E-02
      0.270     0.350     0.146 5.52364E-01 4.60049E-02
      0.270     0.350     0.188 5.25521E-01 4.58759E-02
      0.270     0.350     0.229 5.63390E-01 4.53811E-02
      0.270     0.350     0.271 5.68184E-01 4.45492E-02
      0.270     0.350     0.312 6.15197E-01 4.32346E-02
      0.270     0.350     0.354 6.22292E-01 4.33913E-02
      0.270     0.350     0.396 5.54967E-01 4.55056E-02
      0.270     0.350     0.438 5.95013E-01 4.40427E-02
      0.270     0.350     0.479 5.87565E-01 4.49453E-02
      0.270     0.350     0.521 5.51709E-01 4.52981E-02
      0.270     0.350     0.562 6.40782E-01 4.26725E-02
      0.270     0.350     0.604 6.57541E-01 4.22693E-02
      0.270     0.350     0.646 5.78790E-01 4.46780E-02
      0.270     0.350     0.688 6.41113E-01 4.23139E-02
      0.270     0.350     0.729 6.11390E-01 4.37067E-02
      0.270     0.350     0.771 5.99847E-01 4.42693E-02
      0.270     0.350     0.812 5.32398E-01 4.58692E-02
      0.270     0.350     0.854 5.66853E-01 4.56295E-02
      0.270     0.350     0.896 5.12573E-01 4.74810E-02
      0.270     0.350     0.938 4.61989E-01 4.91211E-02
      0.270     0.350     0.979 5.21562E-01 4.73217E-02
      0.270     0.450     0.021 5.03741E-01 4.82437E-02
      0.270     0.450     0.062 5.25485E-01 4.71803E-02
      0.270     0.450     0.104 5.17956E-01 4.70341E-02
      0.270     0.450     0.146 5.60090E-01 4.52472E-02
      0.270     0.450     0.188 5.44529E-01 4.57142E-02
      0.270     0.450     0.229 5.42954E-01 4.65560E-02
      0.270     0.450     0.271 5.51884E-01 4.52756E-02
      0.270     0.450     0.312 5.96830E-01 4.43939E-02
      0.270     0.450     0.354 5.64170E-01 4.53018E-02
      0.270     0.450     0.396 5.72958E-01 4.46613E-02
      0.270     0.450     0.438 5.91227E-01 4.46170E-02
      0.270     0.450     0.479 5.57417E-01 4.66873E-02
      0.270     0.450     0.521 5.86290E-01 4.47974E-02
      0.270     0.450     0.562 6.10362E-01 4.40558E-02
      0.270     0.450     0.604 6.03662E-01 4.35557E-02
      0.270     0.450     0.646 6.08910E-01 4.42340E-02
      0.270     0.450     0.688 5.74647E-01 4.39067E-02
      0.270     0.450     0.729 5.56184E-01 4.56143E-02
      0.270     0.450     0.771 5.28480E-01 4.64235E-02
      0.270     0.450     0.812 5.25444E-01 4.70551E-02
      0.270     0.450     0.854 5.19171E-01 4.67769E-02
      0.270     0.450     0.896 4.76353E-01 4.88962E-02
      0.270     0.450     0.938 4.98052E-01 4.80437E-02
      0.270     0.450     0.979 5.20094E-01 4.81077E-02
      0.270     0.550     0.021 5.10387E-01 4.81327E-02
      0.270     0.550     0.062 5.63973E-01 4.62693E-02
      0.270     0.550     0.104 5.16874E-01 4.68253E-02
      0.270     0.550     0.146 5.12003E-01 4.76076E-02
      0.270     0.550     0.188 5.49654E-01 4.56224E-02
      0.270     0.550     0.229 5.62309E-01 4.53812E-02
      0.270     0.550     0.271 5.58989E-01 4.50995E-02
      0.270     0.550     0.312 5.42067E-01 4.53287E-02
      0.270     0.550     0.354 5.48625E-01 4.58110E-02
      0.270     0.550     0.396 6.09763E-01 4.35983E-02
      0.270     0.550     0.438 5.78569E-01 4.49441E-02
      0.270     0.550     0.479 5.78066E-01 4.51541E-02
      0.270     0.550     0.521 5.89735E-01 4.47933E-02
      0.270     0.550     0.562 6.08177E-01 4.35441E-02
      0.270     0.550     0.604 6.01792E-01 4.44135E-02
      0.270     0.550     0.646 5.69666E-01 4.48450E-02
      0.270     0.550     0.688 5.64810E-01 4.57273E-02
      0.270     0.550     0.729 5.51559E-01 4.58499E-02
      0.270     0.550     0.771 5.21754E-01 4.69822E-02
      0.270     0.550     0.812 5.03147E-01 4.69662E-02
      0.270     0.550     0.854 5.24052E-01 4.70153E-02
      0.270     0.550     0.896 5.00396E-01 4.78877E-02
      0.270     0.550     0.938 5.03660E-01 4.78394E-02
      0.270     0.550     0.979 5.21423E-01 4.80695E-02
      0.270     0.650     0.021 5.14402E-01 4.86390E-02
      0.270     0.650     0.062 4.95291E-01 4.82555E-02
      0.270     0.650     0.104 5.51164E-01 4.65239E-02
      0.270     0.650     0.146 5.22716E-01 4.61200E-02
      0.270     0.650     0.188 5.91343E-01 4.44513E-02
      0.270     0.650     0.229 5.90154E-01 4.37667E-02
      0.270     0.650     0.271 5.76491E-01 4.43260E-02
      0.270     0.650     0.312 5.73424E-01 4.45507E-02
      0.270     0.650     0.354 5.98277E-01 4.39690E-02
      0.270     0.650     0.396 6.03958E-01 4.40102E-02
      0.270     0.650     0.438 6.02678E-01 4.45108E-02
      0.270     0.650     0.479 6.06998E-01 4.41214E-02
      0.270     0.650     0.521 5.98597E-01 4.45448E-02
      0.270     0.650     0.562 5.47779E-01 4.63234E-02
      0.270     0.650     0.604 5.24107E-01 4.74971E-02
      0.270     0.650     0.646 5.71642E-01 4.51319E-02
      0.270     0.650     0.688 4.96702E-01 4.71581E-02
      0.270     0.650     0.729 5.55162E-01 4.53951E-02
      0.270     0.650     0.771 5.82708E-01 4.46071E-02
      0.270     0.650     0.812 5.73182E-01 4.52719E-02
      0.270     0.650     0.854 5.26519E-01 4.71530E-02
      0.270     0.650     0.896 5.01817E-01 4.79809E-02
      0.270     0.650     0.938 4.96316E-01 4.87044E-02
      0.270     0.650     0.979 4.95206E-01 4.84246E-02
      0.270     0.750     0.021 4.90585E-01 4.89778E-02
      0.270     0.750     0.062 5.01778E-01 4.76633E-02
      0.270     0.750     0.104 5.37708E-01 4.60999E-02
      0.270     0.750     0.146 5.58348E-01 4.58339E-02
      0.270     0.750     0.188 5.27742E-01 4.63316E-02
      0.270     0.750     0.229 5.12965E-01 4.76124E-02
      0.270     0.750     0.271 5.34747E-01 4.60907E-02
      0.270     0.750     0.312 5.40795E-01 4.62317E-02
      0.270     0.750     0.354 5.51496E-01 4.48698E-02
      0.270     0.750     0.396 6.02186E-01 4.43567E-02
      0.270     0.750     0.438 5.46215E-01 4.66492E-02
      0.270     0.750     0.479 5.51272E-01 4.66810E-02
      0.270     0.750     0.521 5.74611E-01 4.48635E-02
      0.270     0.750     0.562 6.11050E-01 4.40042E-02
      0.270     0.750     0.604 5.79187E-01 4.46662E-02
      0.270     0.750     0.646 5.97434E-01 4.43077E-02
      0.270     0.750     0.688 5.98879E-01 4.41913E-02
      0.270     0.750     0.729 5.56403E-01 4.53910E-02
      0.270     0.750     0.771 5.66492E-01 4.50326E-02
      0.270     0.750     0.812 5.39007E-01 4.59036E-02
      0.270     0.750     0.854 5.41061E-01 4.70507E-02
      0.270     0.750     0.896 5.26450E-01 4.66637E-02
      0.270     0.750     0.938 5.16205E-01 4.70730E-02
      0.270     0.750     0.979 5.45692E-01 4.67398E-02
      0.270     0.850     0.021 5.35865E-01 4.69709E-02
      0.270     0.850     0.062 5.00028E-01 4.75024E-02
      0.270     0.850     0.104 4.89011E-01 4.87358E-02
      0.270     0.850     0.146 5.52921E-01 4.55577E-02
      0.270     0.850     0.188 5.42990E-01 4.59642E-02
      0.270     0.850     0.229 5.73509E-01 4.42903E-02
      0.270     0.850     0.271 5.51486E-01 4.50338E-02
      0.270     0.850     0.312 5.75565E-01 4.45200E-02
      0.270     0.850     0.354 6.00212E-01 4.38505E-02
      0.270     0.850     0.396 6.42856E-01 4.26161E-02
      0.270     0.850     0.438 6.50153E-01 4.25641E-02
      0.270     0.850     0.479 5.98973E-01 4.39488E-02
      0.270     0.850     0.521 6.06940E-01 4.37499E-02
      0.270     0.850     0.562 6.24321E-01 4.26004E-02
      0.270     0.850     0.604 6.17703E-01 4.35899E-02
      0.270     0.850     0.646 5.82098E-01 4.39129E-02
      0.270     0.850     0.688 5.54655E-01 4.53571E-02
      0.270     0.850     0.729 5.60107E-01 4.56459E-02
      0.270     0.850     0.771 5.56940E-01 4.58549E-02
      0.270     0.850     0.812 5.42568E-01 4.58820E-02
      0.270     0.850     0.854 5.23834E-01 4.67719E-02
      0.270     0.850     0.896 5.70856E-01 4.55615E-02
      0.270     0.850     0.938 5.31408E-01 4.65985E-02
      0.270     0.850     0.979 5.29511E-01 4.75258E-02
      0.270     0.950     0.021 5.33005E-01 4.66129E-02
      0.270     0.950     0.062 5.45434E-01 4.55840E-02
      0.270     0.950     0.104 5.52574E-01 4.55004E-02
      0.270     0.950     0.146 5.46792E-01 4.60500E-02
      0.270     0.950     0.188 5.47960E-01 4.60153E-02
      0.270     0.950     0.229 5.69499E-01 4.47977E-02
      0.270     0.950     0.271 5.68328E-01 4.49679E-02
      0.270     0.950     0.312 5.61448E-01 4.46451E-02
      0.270     0.950     0.354 5.98654E-01 4.37234E-02
      0.270     0.950     0.396 6.17009E-01 4.31151E-02
      0.270     0.950     0.438 5.83221E-01 4.43190E-02
      0.270     0.950     0.479 6.19379E-01 4.40023E-02
      0.270     0.950     0.521 6.46878E-01 4.27497E-02
      0.270     0.950     0.562 6.01187E-01 4.37407E-02
      0.270     0.950     0.604 6.22369E-01 4.34878E-02
      0.270     0.950     0.646 5.79843E-01 4.38187E-02
      0.270     0.950     0.688 6.01038E-01 4.34476E-02
      0.270     0.950     0.729 5.25930E-01 4.60333E-02
      0.270     0.950     0.771 5.40604E-01 4.54559E-02
      0.270     0.950     0.812 5.78536E-01 4.42015E-02
      0.270     0.950     0.854 5.58486E-01 4.51843E-02
      0.270     0.950     0.896 5.38720E-01 4.57106E-02
      0.270     0.950     0.938 5.50638E-01 4.53641E-02
      0.270     0.950     0.979 5.60768E-01 4.59708E-02
      0.352     0.050     0.021 5.61976E-01 4.50141E-02
      0.352     0.050     0.062 5.52543E-01 4.55484E-02
      0.352     0.050     0.104 5.43806E-01 4.52681E-02
      0.352     0.050     0.146 5.70842E-01 4.51838E-02
      0.352     0.050     0.188 5.67859E-01 4.51435E-02
      0.352     0.050     0.229 5.48105E-01 4.62085E-02
      0.352     0.050     0.271 5.68000E-01 4.50202E-02
      0.352     0.050     0.312 6.13893E-01 4.40494E-02
      0.352     0.050     0.354 6.10775E-01 4.32625E-02
      0.352     0.050     0.396 6.02224E-01 4.32287E-02
      0.352     0.050     0.438 6.19100E-01 4.30579E-02
      0.352     0.050     0.479 5.94539E-01 4.32391E-02
      0.352     0.050     0.521 5.77291E-01 4.42063E-02
      0.352     0.050     0.562 5.87949E-01 4.46391E-02
      0.352     0.050     0.604 6.54655E-01 4.22959E-02
      0.352     0.050     0.646 6.33894E-01 4.33766E-02
      0.352     0.050     0.688 5.99626E-01 4.30392E-02
      0.352     0.050     0.729 5.96519E-01 4.44570E-02
      0.352     0.050     0.771 5.50636E-01 4.58807E-02
      0.352     0.050     0.812 5.33848E-01 4.61643E-02
      0.352     0.050     0.854 5.63920E-01 4.55430E-02
      0.352     0.050     0.896 5.47785E-01 4.57593E-02
      0.352     0.050     0.938 5.49166E-01 4.55254E-02
      0.352     0.050     0.979 5.25022E-01 4.60714E-02
      0.352     0.150     0.021 5.39688E-01 4.61400E-02
      0.352     0.150     0.062 5.15508E-01 4.70863E-02
      0.352     0.150     0.104 5.09590E-01 4.74327E-02
      0.352     0.150     0.146 5.58268E-01 4.47527E-02
      0.352     0.150     0.188 5.55933E-01 4.61186E-02
      0.352     0.150     0.229 5.36076E-01 4.63361E-02
      0.352     0.150     0.271 5.94838E-01 4.47171E-02
      0.352     0.150     0.312 5.98963E-01 4.43611E-02
      0.352     0.150     0.354 5.85816E-01 4.42710E-02
      0.352     0.150     0.396 6.08203E-01 4.38814E-02
      0.352     0.150     0.438 5.94328E-01 4.34992E-02
      0.352     0.150     0.479 6.05196E-01 4.39539E-02
      0.352     0.150     0.521 6.31878E-01 4.30184E-02
      0.352     0.150     0.562 5.96714E-01 4.39301E-02
      0.352     0.150     0.604 5.92493E-01 4.44679E-02
      0.352     0.150     0.646 5.74285E-01 4.50221E-02
      0.352     0.150     0.688 5.96322E-01 4.40860E-02
      0.352     0.150     0.729 5.77629E-01 4.53095E-02
      0.352     0.150     0.771 5.43797E-01 4.68311E-02
      0.352     0.150     0.812 5.15358E-01 4.80694E-02
      0.352     0.150     0.854 5.42438E-01 4.60143E-02
      0.352     0.150     0.896 5.49486E-01 4.62021E-02
      0.352     0.150     0.938 5.54745E-01 4.55298E-02
      0.352     0.150     0.979 5.46075E-01 4.57592E-02
      0.352     0.250     0.021 5.47864E-01 4.60837E-02
      0.352     0.250     0.062 5.03893E-01 4.78948E-02
      0.352     0.250     0.104 5.26291E-01 4.71054E-02
      0.352     0.250     0.146 5.39445E-01 4.59345E-02
      0.352     0.250     0.188 5.62131E-01 4.55876E-02
      0.352     0.250     0.229 5.37069E-01 4.69713E-02
      0.352     0.250     0.271 5.75127E-01 4.55805E-02
      0.352     0.250     0.312 5.63672E-01 4.57488E-02
      0.352     0.250     0.354 5.61544E-01 4.52566E-02
      0.352     0.250     0.396 6.15511E-01 4.33601E-02
      0.352     0.250     0.438 5.92562E-01 4.38354E-02
      0.352     0.250     0.479 6.05677E-01 4.33959E-02
      0.352     0.250     0.521 5.74213E-01 4.45331E-02
      0.352     0.250     0.562 6.11464E-01 4.32593E-02
      0.352     0.250     0.604 6.30172E-01 4.35012E-02
      0.352     0.250     0.646 6.25034E-01 4.35668E-02
      0.352     0.250     0.688 6.22916E-01 4.36181E-02
      0.352     0.250     0.729 5.63228E-01 4.55515E-02
      0.352     0.250     0.771 5.78845E-01 4.57088E-02
      0.352     0.250     0.812 5.27632E-01 4.68528E-02
      0.352     0.250     0.854 5.26518E-01 4.68824E-02
      0.352     0.250     0.896 5.14194E-01 4.69086E-02
      0.352     0.250     0.938 5.23982E-01 4.62679E-02
      0.352     0.250     0.979 5.14921E-01 4.68654E-02
      0.352     0.350     0.021 5.45666E-01 4.59314E-02
      0.352     0.350     0.062 4.87724E-01 4.80786E-02
      0.352     0.350     0.104 5.00902E-01 4.81923E-02
      0.352     0.350     0.146 5.69701E-01 4.56650E-02
      0.352     0.350     0.188 5.81196E-01 4.46689E-02
      0.352     0.350     0.229 5.62154E-01 4.55413E-02
      0.352     0.350     0.271 5.55525E-01 4.61010E-02
      0.352     0.350     0.312 5.46701E-01 4.58031E-02
      0.352     0.350     0.354 6.08464E-01 4.37491E-02
      0.352     0.350     0.396 6.08868E-01 4.35176E-02
      0.352     0.350     0.438 6.30092E-01 4.28454E-02
      0.352     0.350     0.479 5.69998E-01 4.42730E-02
      0.352     0.350     0.521 5.97926E-01 4.43009E-02
      0.352     0.350     0.562 6.23558E-01 4.28771E-02
      0.352     0.350     0.604 6.09534E-01 4.38627E-02
      0.352     0.350     0.646 5.83112E-01 4.41093E-02
      0.352     0.350     0.688 6.37353E-01 4.32571E-02
      0.352     0.350     0.729 5.95023E-01 4.44157E-02
      0.352     0.350     0.771 5.73386E-01 4.48672E-02
      0.352     0.350     0.812 5.56069E-01 4.56988E-02
      0.352     0.350     0.854 5.71487E-01 4.54358E-02
      0.352     0.350     0.896 4.97846E-01 4.88298E-02
      0.352     0.350     0.938 5.18436E-01 4.73024E-02
      0.352     0.350     0.979 5.21781E-01 4.66380E-02
      0.352     0.450     0.021 5.16739E-01 4.73395E-02
      0.352     0.450     0.062 4.66387E-01 4.94194E-02
      0.352     0.450     0.104 5.12898E-01 4.76921E-02
      0.352     0.450     0.146 5.86418E-01 4.54575E-02
      0.352     0.450     0.188 5.37431E-01 4.66701E-02
      0.352     0.450     0.229 5.46334E-01 4.60993E-02
      0.352     0.450     0.271 5.36422E-01 4.66815E-02
      0.352     0.450     0.312 5.18113E-01 4.70632E-02
      0.352     0.450     0.354 5.95511E-01 4.45465E-02
      0.352     0.450     0.396 5.96938E-01 4.38505E-02
      0.352     0.450     0.438 5.98090E-01 4.33924E-02
      0.352     0.450     0.479 5.81741E-01 4.39982E-02
      0.352     0.450     0.521 6.08930E-01 4.37080E-02
      0.352     0.450     0.562 5.68069E-01 4.44875E-02
      0.352     0.450     0.604 6.11933E-01 4.35030E-02
      0.352     0.450     0.646 5.84833E-01 4.40466E-02
      0.352     0.450     0.688 6.04705E-01 4.39208E-02
      0.352     0.450     0.729 5.53902E-01 4.64980E-02
      0.352     0.450     0.771 5.82957E-01 4.43651E-02
      0.352     0.450     0.812 5.45219E-01 4.65127E-02
      0.352     0.450     0.854 5.34322E-01 4.63443E-02
      0.352     0.450     0.896 4.75414E-01 4.87701E-02
      0.352     0.450     0.938 4.84762E-01 4.83211E-02
      0.352     0.450     0.979 4.69354E-01 4.92374E-02
      0.352     0.550     0.021 4.76879E-01 4.83169E-02
      0.352     0.550     0.062 4.86934E-01 4.85583E-02
      0.352     0.550     0.104 4.94275E-01 4.85186E-02
      0.352     0.550     0.146 5.25726E-01 4.67138E-02
      0.352     0.550     0.188 5.61945E-01 4.57581E-02
      0.352     0.550     0.229 5.61100E-01 4.56877E-02
      0.352     0.550     0.271 5.36310E-01 4.65351E-02
      0.352     0.550     0.312 5.74507E-01 4.51985E-02
      0.352     0.550     0.354 5.79310E-01 4.56294E-02
      0.352     0.550     0.396 6.22040E-01 4.29057E-02
      0.352     0.550     0.438 5.99122E-01 4.34355E-02
      0.352     0.550     0.479 6.16405E-01 4.33317E-02
      0.352     0.550     0.521 6.15578E-01 4.29037E-02
      0.352     0.550     0.562 6.16635E-01 4.34575E-02
      0.352     0.550     0.604 6.15285E-01 4.30414E-02
      0.352     0.550     0.646 5.89813E-01 4.38886E-02
      0.352     0.550     0.688 5.76709E-01 4.48240E-02
      0.352     0.550     0.729 5.35444E-01 4.64874E-02
      0.352     0.550     0.771 5.50339E-01 4.68244E-02
      0.352     0.550     0.812 5.21084E-01 4.68643E-02
      0.352     0.550     0.854 5.22679E-01 4.64948E-02
      0.352     0.550     0.896 5.20676E-01 4.70843E-02
      0.352     0.550     0.938 5.18970E-01 4.64737E-02
      0.352     0.550     0.979 5.21067E-01 4.69946E-02
      0.352     0.650     0.021 5.14251E-01 4.73790E-02
      0.352     0.650     0.062 4.86948E-01 4.83975E-02
      0.352     0.650     0.104 5.02764E-01 4.81083E-02
      0.352     0.650     0.146 5.59243E-01 4.58384E-02
      0.352     0.650     0.188 5.37607E-01 4.67648E-02
      0.352     0.650     0.229 5.59656E-01 4.59299E-02
      0.352     0.650     0.271 5.60959E-01 4.52446E-02
      0.352     0.650     0.312 5.53060E-01 4.55721E-02
      0.352     0.650     0.354 6.11448E-01 4.40314E-02
      0.352     0.650     0.396 6.29536E-01 4.33122E-02
      0.352     0.650     0.438 6.20333E-01 4.27892E-02
      0.352     0.650     0.479 6.11447E-01 4.33294E-02
      0.352     0.650     0.521 6.31661E-01 4.34065E-02
      0.352     0.650     0.562 5.44175E-01 4.55580E-02
      0.352     0.650     0.604 5.74875E-01 4.44116E-02
      0.352     0.650     0.646 5.91409E-01 4.42516E-02
      0.352     0.650     0.688 5.80476E-01 4.44577E-02
      0.352     0.650     0.729 5.66976E-01 4.55404E-02
      0.352     0.650     0.771 5.12217E-01 4.77535E-02
      0.352     0.650     0.812 5.32261E-01 4.77083E-02
      0.352     0.650     0.854 5.27430E-01 4.71911E-02
      0.352     0.650     0.896 4.81834E-01 4.88231E-02
      0.352     0.650     0.938 4.72129E-01 4.79427E-02
      0.352     0.650     0.979 4.85909E-01 4.76212E-02
      0.352     0.750     0.021 4.77551E-01 4.91053E-02
      0.352     0.750     0.062 5.01854E-01 4.68419E-02
      0.352     0.750     0.104 5.43120E-01 4.62361E-02
      0.352     0.750     0.146 5.24887E-01 4.62600E-02
      0.352     0.750     0.188 5.32145E-01 4.65266E-02
      0.352     0.750     0.229 5.35530E-01 4.70262E-02
      0.352     0.750     0.271 5.84317E-01 4.51546E-02
      0.352     0.750     0.312 5.85457E-01 4.41860E-02
      0.352     0.750     0.354 6.02692E-01 4.36347E-02
      0.352     0.750     0.396 6.02729E-01 4.36521E-02
      0.352     0.750     0.438 6.23772E-01 4.28424E-02
      0.352     0.750     0.479 5.54345E-01 4.54431E-02
      0.352     0.750     0.521 5.87377E-01 4.43703E-02
      0.352     0.750     0.562 6.11899E-01 4.37030E-02
      0.352     0.750     0.604 5.87720E-01 4.42482E-02
      0.352     0.750     0.646 5.71101E-01 4.55614E-02
      0.352     0.750     0.688 5.88738E-01 4.53586E-02
      0.352     0.750     0.729 5.31462E-01 4.74675E-02
      0.352     0.750     0.771 5.52379E-01 4.67284E-02
      0.352     0.750     0.812 5.42274E-01 4.61874E-02
      0.352     0.750     0.854 5.17438E-01 4.73127E-02
      0.352     0.750     0.896 5.50393E-01 4.58637E-02
      0.352     0.750     0.938 5.25732E-01 4.71468E-02
      0.352     0.750     0.979 5.53261E-01 4.61545E-02
      0.352     0.850     0.021 5.46445E-01 4.64687E-02
      0.352     0.850     0.062 5.08203E-01 4.77745E-02
      0.352     0.850     0.104 4.80305E-01 4.85606E-02
      0.352     0.850     0.146 5.60982E-01 4.59963E-02
      0.352     0.850     0.188 5.22448E-01 4.75594E-02
      0.352     0.850     0.229 5.25800E-01 4.77312E-02
      0.352     0.850     0.271 5.53058E-01 4.61608E-02
      0.352     0.850     0.312 6.03432E-01 4.42436E-02
      0.352     0.850     0.354 6.29834E-01 4.27123E-02
      0.352     0.850     0.396 6.25144E-01 4.25350E-02
      0.352     0.850     0.438 5.67022E-01 4.45295E-02
      0.352     0.850     0.479 5.96252E-01 4.47552E-02
      0.352     0.850     0.521 6.01783E-01 4.37468E-02
      0.352     0.850     0.562 6.25359E-01 4.27075E-02
      0.352     0.850     0.604 6.43727E-01 4.25529E-02
      0.352     0.850     0.646 6.22446E-01 4.37815E-02
      0.352     0.850     0.688 5.67220E-01 4.55313E-02
      0.352     0.850     0.729 6.00936E-01 4.43448E-02
      0.352     0.850     0.771 5.92203E-01 4.48076E-02
      0.352     0.850     0.812 5.61921E-01 4.56215E-02
      0.352     0.850     0.854 5.31973E-01 4.69399E-02
      0.352     0.850     0.896 5.22727E-01 4.76343E-02
      0.352     0.850     0.938 5.60055E-01 4.58948E-02
      0.352     0.850     0.979 4.84797E-01 4.85011E-02
      0.352     0.950     0.021 5.27420E-01 4.61293E-02
      0.352     0.950     0.062 5.56311E-01 4.54560E-02
      0.352     0.950     0.104 5.81742E-01 4.45438E-02
      0.352     0.950     0.146 5.35694E-01 4.61916E-02
      0.352     0.950     0.188 5.63845E-01 4.53243E-02
      0.352     0.950     0.229 5.84144E-01 4.52852E-02
      0.352     0.950     0.271 5.97619E-01 4.39884E-02
      0.352     0.950     0.312 5.91044E-01 4.39800E-02
      0.352     0.950     0.354 6.09053E-01 4.34177E-02
      0.352     0.950     0.396 6.49487E-01 4.19826E-02
      0.352     0.950     0.438 6.61721E-01 4.23916E-02
      0.352     0.950     0.479 6.44881E-01 4.22917E-02
      0.352     0.950     0.521 6.67885E-01 4.16572E-02
      0.352     0.950     0.562 6.41683E-01 4.25857E-02
      0.352     0.950     0.604 6.46883E-01 4.23484E-02
      0.352     0.950     0.646 6.45961E-01 4.26204E-02
      0.352     0.950     0.688 5.68189E-01 4.49407E-02
      0.352     0.950     0.729 5.49089E-01 4.54913E-02
      0.352     0.950     0.771 5.63077E-01 4.54424E-02
      0.352     0.950     0.812 5.20676E-01 4.68595E-02
      0.352     0.950     0.854 5.28627E-01 4.65948E-02
      0.352     0.950     0.896 5.73197E-01 4.52202E-02
      0.352     0.950     0.938 5.06887E-01 4.80800E-02
      0.352     0.950     0.979 5.23566E-01 4.66992E-02
      0.417     0.050     0.021 5.36051E-01 4.63324E-02
      0.417     0.050     0.062 4.92934E-01 4.71274E-02
      0.417     0.050     0.104 5.52681E-01 4.45295E-02
      0.417     0.050     0.146 5.60053E-01 4.44977E-02
      0.417     0.050     0.188 5.29693E-01 4.58919E-02
      0.417     0.050     0.229 5.63578E-01 4.54566E-02
      0.417     0.050     0.271 5.76197E-01 4.44258E-02
      0.417     0.050     0.312 5.91261E-01 4.47628E-02
      0.417     0.050     0.354 5.76058E-01 4.49447E-02
      0.417     0.050     0.396 6.45772E-01 4.16218E-02
      0.417     0.050     0.438 6.32845E-01 4.16722E-02
      0.417     0.050     0.479 5.90724E-01 4.33586E-02
      0.417     0.050     0.521 6.21092E-01 4.23433E-02
      0.417     0.050     0.562 6.53009E-01 4.22539E-02
      0.417     0.050     0.604 6.50748E-01 4.12811E-02
      0.417     0.050     0.646 5.92888E-01 4.35821E-02
      0.417     0.050     0.688 6.34723E-01 4.29813E-02
      0.417     0.050     0.729 6.25721E-01 4.37854E-02
      0.417     0.050     0.771 5.77654E-01 4.53147E-02
      0.417     0.050     0.812 5.44139E-01 4.54037E-02
      0.417     0.050     0.854 5.22979E-01 4.58059E-02
      0.417     0.050     0.896 5.45476E-01 4.53989E-02
      0.417     0.050     0.938 5.03701E-01 4.60030E-02
      0.417     0.050     0.979 5.07496E-01 4.63366E-02
      0.417     0.150     0.021 4.91337E-01 4.76876E-02
      0.417     0.150     0.062 4.84045E-01 4.74087E-02
      0.417     0.150     0.104 5.41848E-01 4.49481E-02
      0.417     0.150     0.146 5.77078E-01 4.45707E-02
      0.417     0.150     0.188 5.62835E-01 4.59077E-02
      0.417     0.150     0.229 5.61241E-01 4.62834E-02
      0.417     0.150     0.271 5.84661E-01 4.48878E-02
      0.417     0.150     0.312 5.59145E-01 4.45616E-02
      0.417     0.150     0.354 6.30739E-01 4.28116E-02
      0.417     0.150     0.396 6.22417E-01 4.25777E-02
      0.417     0.150     0.438 5.92247E-01 4.34973E-02
      0.417     0.150     0.479 6.35732E-01 4.28094E-02
      0.417     0.150     0.521 5.93484E-01 4.26956E-02
      0.417     0.150     0.562 6.34114E-01 4.18964E-02
      0.417     0.150     0.604 6.09760E-01 4.30054E-02
      0.417     0.150     0.646 5.99554E-01 4.37094E-02
      0.417     0.150     0.688 5.88593E-01 4.40458E-02
      0.417     0.150     0.729 5.20401E-01 4.66470E-02
      0.417     0.150     0.771 5.69035E-01 4.53876E-02
      0.417     0.150     0.812 5.35841E-01 4.62432E-02
      0.417     0.150     0.854 4.73955E-01 4.85008E-02
      0.417     0.150     0.896 5.39321E-01 4.58237E-02
      0.417     0.150     0.938 5.13936E-01 4.75859E-02
      0.417     0.150     0.979 5.11473E-01 4.69399E-02
      0.417     0.250     0.021 5.00081E-01 4.73217E-02
      0.417     0.250     0.062 4.77543E-01 4.76276E-02
      0.417     0.250     0.104 5.24259E-01 4.59596E-02
      0.417     0.250     0.146 5.23296E-01 4.69037E-02
      0.417     0.250     0.188 5.46207E-01 4.58732E-02
      0.417     0.250     0.229 5.42780E-01 4.71112E-02
      0.417     0.250     0.271 5.47039E-01 4.62472E-02
      0.417     0.250     0.312 5.72204E-01 4.47556E-02
      0.417     0.250     0.354 6.39921E-01 4.27127E-02
      0.417     0.250     0.396 6.42667E-01 4.18524E-02
      0.417     0.250     0.438 5.92374E-01 4.32665E-02
      0.417     0.250     0.479 5.96429E-01 4.28926E-02
      0.417     0.250     0.521 6.32658E-01 4.18369E-02
      0.417     0.250     0.562 6.40287E-01 4.18086E-02
      0.417     0.250     0.604 5.96841E-01 4.37151E-02
      0.417     0.250     0.646 6.37169E-01 4.29320E-02
      0.417     0.250     0.688 6.18438E-01 4.35820E-02
      0.417     0.250     0.729 5.54861E-01 4.64492E-02
      0.417     0.250     0.771 5.93330E-01 4.51629E-02
      0.417     0.250     0.812 5.25918E-01 4.69212E-02
      0.417     0.250     0.854 5.56038E-01 4.61754E-02
      0.417     0.250     0.896 5.28004E-01 4.59644E-02
      0.417     0.250     0.938 5.18135E-01 4.52344E-02
      0.417     0.250     0.979 4.87106E-01 4.72696E-02
      0.417     0.350     0.021 5.12697E-01 4.63059E-02
      0.417     0.350     0.062 4.97894E-01 4.74508E-02
      0.417     0.350     0.104 5.34157E-01 4.61720E-02
      0.417     0.350     0.146 5.56750E-01 4.48345E-02
      0.417     0.350     0.188 6.29545E-01 4.33324E-02
      0.417     0.350     0.229 5.11902E-01 4.75208E-02
      0.417     0.350     0.271 5.65301E-01 4.59591E-02
      0.417     0.350     0.312 5.47792E-01 4.58021E-02
      0.417     0.350     0.354 6.18621E-01 4.33156E-02
      0.417     0.350     0.396 5.96862E-01 4.26927E-02
      0.417     0.350     0.438 5.90092E-01 4.37662E-02
      0.417     0.350     0.479 6.08681E-01 4.35138E-02
      0.417     0.350     0.521 6.19354E-01 4.24641E-02
      0.417     0.350     0.562 5.98183E-01 4.27669E-02
      0.417     0.350     0.604 6.37114E-01 4.20538E-02
      0.417     0.350     0.646 6.31846E-01 4.26728E-02
      0.417     0.350     0.688 5.87179E-01 4.35914E-02
      0.417     0.350     0.729 5.60167E-01 4.49607E-02
      0.417     0.350     0.771 6.29491E-01 4.30272E-02
      0.417     0.350     0.812 5.66256E-01 4.59763E-02
      0.417     0.350     0.854 5.23036E-01 4.60377E-02
      0.417     0.350     0.896 5.09064E-01 4.68157E-02
      0.417     0.350     0.938 5.29745E-01 4.59661E-02
      0.417     0.350     0.979 4.86463E-01 4.70331E-02
      0.417     0.450     0.021 5.30692E-01 4.58449E-02
      0.417     0.450     0.062 4.72984E-01 4.82393E-02
      0.417     0.450     0.104 5.23964E-01 4.68463E-02
      0.417     0.450     0.146 5.39583E-01 4.58244E-02
      0.417     0.450     0.188 5.44908E-01 4.60991E-02
      0.417     0.450     0.229 6.00761E-01 4.48371E-02
      0.417     0.450     0.271 5.66812E-01 4.50318E-02
      0.417     0.450     0.312 5.88174E-01 4.45440E-02
      0.417     0.450     0.354 6.45663E-01 4.24770E-02
      0.417     0.450     0.396 6.44606E-01 4.19713E-02
      0.417     0.450     0.438 6.23939E-01 4.16888E-02
      0.417     0.450     0.479 6.37438E-01 4.22086E-02
      0.417     0.450     0.521 6.13909E-01 4.22309E-02
      0.417     0.450     0.562 6.31585E-01 4.17691E-02
      0.417     0.450     0.604 6.49391E-01 4.15625E-02
      0.417     0.450     0.646 6.19482E-01 4.31927E-02
      0.417     0.450     0.688 5.95012E-01 4.42510E-02
      0.417     0.450     0.729 5.88362E-01 4.48090E-02
      0.417     0.450     0.771 5.71172E-01 4.50648E-02
      0.417     0.450     0.812 5.98451E-01 4.49948E-02
      0.417     0.450     0.854 5.28415E-01 4.65158E-02
      0.417     0.450     0.896 4.73076E-01 4.74385E-02
      0.417     0.450     0.938 5.10303E-01 4.70188E-02
      0.417     0.450     0.979 5.07038E-01 4.64754E-02
      0.417     0.550     0.021 5.11301E-01 4.60664E-02
      0.417     0.550     0.062 4.58502E-01 4.87584E-02
      0.417     0.550     0.104 4.79284E-01 4.83697E-02
      0.417     0.550     0.146 5.02463E-01 4.80640E-02
      0.417     0.550     0.188 5.26228E-01 4.67178E-02
      0.417     0.550     0.229 5.12444E-01 4.81926E-02
      0.417     0.550     0.271 5.63750E-01 4.62881E-02
      0.417     0.550     0.312 5.85605E-01 4.45423E-02
      0.417     0.550     0.354 5.80782E-01 4.46294E-02
      0.417     0.550     0.396 6.11965E-01 4.31222E-02
      0.417     0.550     0.438 6.02518E-01 4.26385E-02
      0.417     0.550     0.479 5.80285E-01 4.33590E-02
      0.417     0.550     0.521 6.23648E-01 4.16975E-02
      0.417     0.550     0.562 6.06215E-01 4.29963E-02
      0.417     0.550     0.604 5.92011E-01 4.29222E-02
      0.417     0.550     0.646 5.92986E-01 4.35503E-02
      0.417     0.550     0.688 6.03662E-01 4.36163E-02
      0.417     0.550     0.729 5.61720E-01 4.58164E-02
      0.417     0.550     0.771 5.16353E-01 4.71323E-02
      0.417     0.550     0.812 5.12173E-01 4.70351E-02
      0.417     0.550     0.854 5.00860E-01 4.69839E-02
      0.417     0.550     0.896 5.09288E-01 4.77195E-02
      0.417     0.550     0.938 5.16811E-01 4.64781E-02
      0.417     0.550     0.979 5.14046E-01 4.57248E-02
      0.417     0.650     0.021 5.06073E-01 4.59405E-02
      0.417     0.650     0.062 4.99148E-01 4.74489E-02
      0.417     0.650     0.104 5.13859E-01 4.71458E-02
      0.417     0.650     0.146 4.72531E-01 4.90219E-02
      0.417     0.650     0.188 5.08989E-01 4.73185E-02
      0.417     0.650     0.229 5.63168E-01 4.59382E-02
      0.417     0.650     0.271 5.66030E-01 4.52849E-02
      0.417     0.650     0.312 5.80861E-01 4.45616E-02
      0.417     0.650     0.354 5.94995E-01 4.42249E-02
      0.417     0.650     0.396 6.22002E-01 4.25616E-02
      0.417     0.650     0.438 6.17278E-01 4.26551E-02
      0.417     0.650     0.479 6.13192E-01 4.26128E-02
      0.417     0.650     0.521 5.90351E-01 4.36089E-02
      0.417     0.650     0.562 5.81686E-01 4.41143E-02
      0.417     0.650     0.604 6.09670E-01 4.29667E-02
      0.417     0.650     0.646 6.15867E-01 4.35803E-02
      0.417     0.650     0.688 5.94766E-01 4.41161E-02
      0.417     0.650     0.729 5.87610E-01 4.48485E-02
      0.417     0.650     0.771 5.30445E-01 4.75176E-02
      0.417     0.650     0.812 5.48873E-01 4.69251E-02
      0.417     0.650     0.854 5.05760E-01 4.72418E-02
      0.417     0.650     0.896 4.73247E-01 4.96544E-02
      0.417     0.650     0.938 5.05447E-01 4.75833E-02
      0.417     0.650     0.979 5.10255E-01 4.75417E-02
      0.417     0.750     0.021 4.92676E-01 4.82449E-02
      0.417     0.750     0.062 4.99048E-01 4.71250E-02
      0.417     0.750     0.104 5.07190E-01 4.69335E-02
      0.417     0.750     0.146 5.56615E-01 4.51929E-02
      0.417     0.750     0.188 5.45111E-01 4.63364E-02
      0.417     0.750     0.229 5.46493E-01 4.58685E-02
      0.417     0.750     0.271 5.66016E-01 4.58328E-02
      0.417     0.750     0.312 5.92749E-01 4.48578E-02
      0.417     0.750     0.354 6.45661E-01 4.19967E-02
      0.417     0.750     0.396 6.32447E-01 4.22761E-02
      0.417     0.750     0.438 6.27406E-01 4.17312E-02
      0.417     0.750     0.479 6.37365E-01 4.21920E-02
      0.417     0.750     0.521 5.80462E-01 4.37594E-02
      0.417     0.750     0.562 6.24812E-01 4.25932E-02
      0.417     0.750     0.604 5.82009E-01 4.39116E-02
      0.417     0.750     0.646 5.67016E-01 4.42626E-02
      0.417     0.750     0.688 6.26691E-01 4.37738E-02
      0.417     0.750     0.729 5.81409E-01 4.48375E-02
      0.417     0.750     0.771 5.57304E-01 4.58709E-02
      0.417     0.750     0.812 5.67407E-01 4.53130E-02
      0.417     0.750     0.854 5.17814E-01 4.69779E-02
      0.417     0.750     0.896 4.82732E-01 4.74919E-02
      0.417     0.750     0.938 5.32621E-01 4.54502E-02
      0.417     0.750     0.979 5.15390E-01 4.67636E-02
      0.417     0.850     0.021 4.89002E-01 4.78514E-02
      0.417     0.850     0.062 4.98650E-01 4.71707E-02
      0.417     0.850     0.104 4.94629E-01 4.79056E-02
      0.417     0.850     0.146 5.25486E-01 4.77273E-02
      0.417     0.850     0.188 5.39126E-01 4.66939E-02
      0.417     0.850     0.229 5.47235E-01 4.60709E-02
      0.417     0.850     0.271 5.97739E-01 4.49006E-02
      0.417     0.850     0.312 5.55769E-01 4.59069E-02
      0.417     0.850     0.354 6.12547E-01 4.34024E-02
      0.417     0.850     0.396 6.19253E-01 4.27661E-02
      0.417     0.850     0.438 5.97083E-01 4.32876E-02
      0.417     0.850     0.479 6.15582E-01 4.31924E-02
      0.417     0.850     0.521 6.26570E-01 4.21719E-02
      0.417     0.850     0.562 6.24571E-01 4.21982E-02
      0.417     0.850     0.604 6.29040E-01 4.24934E-02
      0.417     0.850     0.646 6.17503E-01 4.35658E-02
      0.417     0.850     0.688 5.47396E-01 4.57565E-02
      0.417     0.850     0.729 5.69200E-01 4.46427E-02
      0.417     0.850     0.771 5.90681E-01 4.42799E-02
      0.417     0.850     0.812 5.11411E-01 4.74663E-02
      0.417     0.850     0.854 5.20106E-01 4.71046E-02
      0.417     0.850     0.896 4.96149E-01 4.68611E-02
      0.417     0.850     0.938 5.56653E-01 4.38778E-02
      0.417     0.850     0.979 5.25867E-01 4.61758E-02
      0.417     0.950     0.021 5.49778E-01 4.47220E-02
      0.417     0.950     0.062 5.45304E-01 4.40926E-02
      0.417     0.950     0.104 5.14146E-01 4.62390E-02
      0.417     0.950     0.146 5.21265E-01 4.59944E-02
      0.417     0.950     0.188 5.99932E-01 4.46887E-02
      0.417     0.950     0.229 5.66450E-01 4.58355E-02
      0.417     0.950     0.271 5.85864E-01 4.46641E-02
      0.417     0.950     0.312 5.78311E-01 4.47227E-02
      0.417     0.950     0.354 6.30619E-01 4.26440E-02
      0.417     0.950     0.396 6.50980E-01 4.14414E-02
      0.417     0.950     0.438 6.48208E-01 4.15142E-02
      0.417     0.950     0.479 6.26338E-01 4.17781E-02
      0.417     0.950     0.521 6.08474E-01 4.22808E-02
      0.417     0.950     0.562 6.50698E-01 4.10280E-02
      0.417     0.950     0.604 6.44562E-01 4.21540E-02
      0.417     0.950     0.646 6.12478E-01 4.25493E-02
      0.417     0.950     0.688 5.83875E-01 4.49324E-02
      0.417     0.950     0.729 5.88683E-01 4.44663E-02
      0.417     0.950     0.771 5.59345E-01 4.56542E-02
      0.417     0.950     0.812 5.11493E-01 4.76575E-02
      0.417     0.950     0.854 5.11954E-01 4.72326E-02
      0.417     0.950     0.896 5.50338E-01 4.38896E-02
      0.417     0.950     0.938 5.60361E-01 4.54590E-02
      0.417     0.950     0.979 5.38674E-01 4.55118E-02
      0.474     0.050     0.021 5.18940E-01 4.43435E-02
      0.474     0.050     0.062 5.46322E-01 4.35498E-02
      0.474     0.050     0.104 5.77403E-01 4.24407E-02
      0.474     0.050     0.146 5.81986E-01 4.25199E-02
      0.474     0.050     0.188 5.65960E-01 4.38263E-02
      0.474     0.050     0.229 6.15268E-01 4.22900E-02
      0.474     0.050     0.271 6.00056E-01 4.24464E-02
      0.474     0.050     0.312 6.10857E-01 4.13885E-02
      0.474     0.050     0.354 6.26998E-01 4.14491E-02
      0.474     0.050     0.396 7.23411E-01 3.82989E-02
      0.474     0.050     0.438 6.71501E-01 3.83427E-02
      0.474     0.050     0.479 6.58337E-01 3.93128E-02
      0.474     0.050     0.521 6.97963E-01 3.81704E-02
      0.474     0.050     0.562 6.72684E-01 3.97974E-02
      0.474     0.050     0.604 6.55404E-01 3.92740E-02
      0.474     0.050     0.646 6.18788E-01 4.08203E-02
      0.474     0.050     0.688 6.53636E-01 4.06136E-02
      0.474     0.050     0.729 6.45496E-01 4.18708E-02
      0.474     0.050     0.771 6.05383E-01 4.31953E-02
      0.474     0.050     0.812 6.20181E-01 4.21451E-02
      0.474     0.050     0.854 5.71954E-01 4.25835E-02
      0.474     0.050     0.896 5.50286E-01 4.31703E-02
      0.474     0.050     0.938 5.25996E-01 4.35925E-02
      0.474     0.050     0.979 5.22230E-01 4.44024E-02
      0.474     0.150     0.021 5.12573E-01 4.44387E-02
      0.474     0.150     0.062 5.40515E-01 4.37386E-02
      0.474     0.150     0.104 6.03432E-01 4.22285E-02
      0.474     0.150     0.146 5.45939E-01 4.43254E-02
      0.474     0.150     0.188 5.89278E-01 4.31044E-02
      0.474     0.150     0.229 5.79874E-01 4.34551E-02
      0.474     0.150     0.271 6.04599E-01 4.28244E-02
      0.474     0.150     0.312 6.23688E-01 4.22317E-02
      0.474     0.150     0.354 6.24608E-01 4.08780E-02
      0.474     0.150     0.396 6.64458E-01 3.98138E-02
      0.474     0.150     0.438 6.60374E-01 3.93489E-02
      0.474     0.150     0.479 6.64201E-01 3.94626E-02
      0.474     0.150     0.521 6.54874E-01 3.95971E-02
      0.474     0.150     0.562 7.41875E-01 3.80950E-02
      0.474     0.150     0.604 6.79584E-01 3.98654E-02
      0.474     0.150     0.646 6.27058E-01 4.09057E-02
      0.474     0.150     0.688 6.67122E-01 4.04433E-02
      0.474     0.150     0.729 6.21899E-01 4.29045E-02
      0.474     0.150     0.771 6.15194E-01 4.29579E-02
      0.474     0.150     0.812 6.22153E-01 4.21656E-02
      0.474     0.150     0.854 5.63334E-01 4.35423E-02
      0.474     0.150     0.896 5.12723E-01 4.46626E-02
      0.474     0.150     0.938 5.66508E-01 4.31074E-02
      0.474     0.150     0.979 5.46794E-01 4.41050E-02
      0.474     0.250     0.021 5.16727E-01 4.50337E-02
      0.474     0.250     0.062 5.34072E-01 4.38160E-02
      0.474     0.250     0.104 5.48335E-01 4.37647E-02
      0.474     0.250     0.146 5.39908E-01 4.39866E-02
      0.474     0.250     0.188 5.47681E-01 4.51023E-02
      0.474     0.250     0.229 5.53227E-01 4.52668E-02
      0.474     0.250     0.271 6.17026E-01 4.29623E-02
      0.474     0.250     0.312 6.29244E-01 4.16206E-02
      0.474     0.250     0.354 6.98305E-01 3.93694E-02
      0.474     0.250     0.396 6.81066E-01 3.88461E-02
      0.474     0.250     0.438 6.78836E-01 3.88258E-02
      0.474     0.250     0.479 6.85082E-01 3.91140E-02
      0.474     0.250     0.521 6.60374E-01 3.91742E-02
      0.474     0.250     0.562 6.85368E-01 3.84846E-02
      0.474     0.250     0.604 6.69255E-01 3.93201E-02
      0.474     0.250     0.646 6.76809E-01 3.95808E-02
      0.474     0.250     0.688 6.54225E-01 4.11624E-02
      0.474     0.250     0.729 6.04437E-01 4.35424E-02
      0.474     0.250     0.771 5.94342E-01 4.27505E-02
      0.474     0.250     0.812 5.48057E-01 4.50060E-02
      0.474     0.250     0.854 5.63297E-01 4.40851E-02
      0.474     0.250     0.896 5.70194E-01 4.35093E-02
      0.474     0.250     0.938 5.51236E-01 4.32779E-02
      0.474     0.250     0.979 5.15161E-01 4.47611E-02
      0.474     0.350     0.021 5.13012E-01 4.40120E-02
      0.474     0.350     0.062 5.07978E-01 4.46804E-02
      0.474     0.350     0.104 5.79447E-01 4.26612E-02
      0.474     0.350     0.146 5.82256E-01 4.33346E-02
      0.474     0.350     0.188 5.65647E-01 4.35540E-02
      0.474     0.350     0.229 5.65077E-01 4.46012E-02
      0.474     0.350     0.271 6.05135E-01 4.31076E-02
      0.474     0.350     0.312 6.27023E-01 4.19610E-02
      0.474     0.350     0.354 6.71322E-01 4.02535E-02
      0.474     0.350     0.396 6.90973E-01 3.93192E-02
      0.474     0.350     0.438 6.07332E-01 4.09198E-02
      0.474     0.350     0.479 7.00727E-01 3.91415E-02
      0.474     0.350     0.521 6.93837E-01 3.83491E-02
      0.474     0.350     0.562 6.84761E-01 3.94599E-02
      0.474     0.350     0.604 6.81121E-01 3.84813E-02
      0.474     0.350     0.646 6.58456E-01 4.04183E-02
      0.474     0.350     0.688 6.32712E-01 4.15107E-02
      0.474     0.350     0.729 6.35461E-01 4.15435E-02
      0.474     0.350     0.771 6.17753E-01 4.21804E-02
      0.474     0.350     0.812 5.54731E-01 4.43991E-02
      0.474     0.350     0.854 5.50809E-01 4.39235E-02
      0.474     0.350     0.896 5.94235E-01 4.26152E-02
      0.474     0.350     0.938 5.29097E-01 4.40330E-02
      0.474     0.350     0.979 5.04483E-01 4.52651E-02
      0.474     0.450     0.021 5.46291E-01 4.29439E-02
      0.474     0.450     0.062 5.69490E-01 4.31925E-02
      0.474     0.450     0.104 5.10942E-01 4.48399E-02
      0.474     0.450     0.146 5.11419E-01 4.54582E-02
      0.474     0.450     0.188 5.71402E-01 4.44958E-02
      0.474     0.450     0.229 5.77601E-01 4.36819E-02
      0.474     0.450     0.271 6.13466E-01 4.24487E-02
      0.474     0.450     0.312 5.77686E-01 4.33578E-02
      0.474     0.450     0.354 6.51114E-01 4.11161E-02
      0.474     0.450     0.396 6.83267E-01 3.97698E-02
      0.474     0.450     0.438 6.48513E-01 3.99291E-02
      0.474     0.450     0.479 6.74957E-01 3.91540E-02
      0.474     0.450     0.521 6.71789E-01 3.97968E-02
      0.474     0.450     0.562 6.68780E-01 3.93037E-02
      0.474     0.450     0.604 6.65112E-01 4.02623E-02
      0.474     0.450     0.646 6.46275E-01 4.07710E-02
      0.474     0.450     0.688 6.21194E-01 4.13443E-02
      0.474     0.450     0.729 5.92544E-01 4.32319E-02
      0.474     0.450     0.771 5.67570E-01 4.44256E-02
      0.474     0.450     0.812 6.24881E-01 4.25940E-02
      0.474     0.450     0.854 5.81345E-01 4.34871E-02
      0.474     0.450     0.896 4.96428E-01 4.57059E-02
      0.474     0.450     0.938 5.02712E-01 4.51205E-02
      0.474     0.450     0.979 4.97916E-01 4.46666E-02
      0.474     0.550     0.021 5.45972E-01 4.31411E-02
      0.474     0.550     0.062 5.25305E-01 4.48484E-02
      0.474     0.550     0.104 5.16465E-01 4.50163E-02
      0.474     0.550     0.146 5.12269E-01 4.49620E-02
      0.474     0.550     0.188 5.46466E-01 4.39080E-02
      0.474     0.550     0.229 5.63721E-01 4.47647E-02
      0.474     0.550     0.271 5.74230E-01 4.37173E-02
      0.474     0.550     0.312 6.03880E-01 4.20300E-02
      0.474     0.550     0.354 5.74639E-01 4.33978E-02
      0.474     0.550     0.396 6.54067E-01 4.09385E-02
      0.474     0.550     0.438 6.55906E-01 3.96873E-02
      0.474     0.550     0.479 6.59256E-01 3.96075E-02
      0.474     0.550     0.521 6.94619E-01 3.89747E-02
      0.474     0.550     0.562 6.90103E-01 3.91714E-02
      0.474     0.550     0.604 6.71006E-01 3.99073E-02
      0.474     0.550     0.646 6.22840E-01 4.18170E-02
      0.474     0.550     0.688 6.43755E-01 4.06340E-02
      0.474     0.550     0.729 5.77384E-01 4.37111E-02
      0.474     0.550     0.771 5.43177E-01 4.67446E-02
      0.474     0.550     0.812 5.74718E-01 4.34043E-02
      0.474     0.550     0.854 5.48010E-01 4.38802E-02
      0.474     0.550     0.896 5.13287E-01 4.50804E-02
      0.474     0.550     0.938 5.46906E-01 4.36550E-02
      0.474     0.550     0.979 5.42143E-01 4.37363E-02
      0.474     0.650     0.021 5.13553E-01 4.41724E-02
      0.474     0.650     0.062 5.19709E-01 4.43774E-02
      0.474     0.650     0.104 5.65250E-01 4.40326E-02
      0.474     0.650     0.146 5.31652E-01 4.45323E-02
      0.474     0.650     0.188 5.60840E-01 4.38768E-02
      0.474     0.650     0.229 5.95723E-01 4.29702E-02
      0.474     0.650     0.271 6.04166E-01 4.26999E-02
      0.474     0.650     0.312 5.82193E-01 4.33040E-02
      0.474     0.650     0.354 6.25420E-01 4.09356E-02
      0.474     0.650     0.396 6.78435E-01 3.94136E-02
      0.474     0.650     0.438 6.57075E-01 3.98892E-02
      0.474     0.650     0.479 6.84312E-01 3.91434E-02
      0.474     0.650     0.521 6.29266E-01 3.99921E-02
      0.474     0.650     0.562 6.07766E-01 4.10405E-02
      0.474     0.650     0.604 6.54410E-01 3.97946E-02
      0.474     0.650     0.646 6.04138E-01 4.15792E-02
      0.474     0.650     0.688 5.85664E-01 4.33828E-02
      0.474     0.650     0.729 5.77925E-01 4.37927E-02
      0.474     0.650     0.771 5.52756E-01 4.45570E-02
      0.474     0.650     0.812 5.57346E-01 4.51286E-02
      0.474     0.650     0.854 5.50798E-01 4.38409E-02
      0.474     0.650     0.896 5.12157E-01 4.53987E-02
      0.474     0.650     0.938 5.37084E-01 4.42626E-02
      0.474     0.650     0.979 5.42906E-01 4.32073E-02
      0.474     0.750     0.021 5.31806E-01 4.46169E-02
      0.474     0.750     0.062 5.15702E-01 4.41688E-02
      0.474     0.750     0.104 5.30823E-01 4.36396E-02
      0.474     0.750     0.146 5.36418E-01 4.44856E-02
      0.474     0.750     0.188 5.65861E-01 4.40543E-02
      0.474     0.750     0.229 6.05793E-01 4.32771E-02
      0.474     0.750     0.271 5.53514E-01 4.43753E-02
      0.474     0.750     0.312 6.30673E-01 4.12174E-02
      0.474     0.750     0.354 6.91650E-01 3.98623E-02
      0.474     0.750     0.396 6.27399E-01 4.01855E-02
      0.474     0.750     0.438 6.81954E-01 3.91868E-02
      0.474     0.750     0.479 6.91790E-01 3.94766E-02
      0.474     0.750     0.521 6.27253E-01 3.99641E-02
      0.474     0.750     0.562 6.31401E-01 4.09843E-02
      0.474     0.750     0.604 6.23192E-01 4.11769E-02
      0.474     0.750     0.646 6.32619E-01 4.15642E-02
      0.474     0.750     0.688 6.58053E-01 4.20346E-02
      0.474     0.750     0.729 6.02857E-01 4.32302E-02
      0.474     0.750     0.771 5.83938E-01 4.37625E-02
      0.474     0.750     0.812 5.59811E-01 4.41869E-02
      0.474     0.750     0.854 5.90530E-01 4.30645E-02
      0.474     0.750     0.896 5.42099E-01 4.41579E-02
      0.474     0.750     0.938 5.89236E-01 4.25945E-02
      0.474     0.750     0.979 5.10392E-01 4.42609E-02
      0.474     0.850     0.021 5.24791E-01 4.38105E-02
      0.474     0.850     0.062 5.65775E-01 4.24029E-02
      0.474     0.850     0.104 5.56008E-01 4.30069E-02
      0.474     0.850     0.146 5.20817E-01 4.47070E-02
      0.474     0.850     0.188 5.79814E-01 4.32876E-02
      0.474     0.850     0.229 6.15010E-01 4.31365E-02
      0.474     0.850     0.271 5.69890E-01 4.49900E-02
      0.474     0.850     0.312 6.21931E-01 4.17651E-02
      0.474     0.850     0.354 6.56136E-01 4.00921E-02
      0.474     0.850     0.396 6.89665E-01 3.95729E-02
      0.474     0.850     0.438 6.94472E-01 3.88476E-02
      0.474     0.850     0.479 6.57843E-01 3.94569E-02
      0.474     0.850     0.521 6.34103E-01 3.95772E-02
      0.474     0.850     0.562 6.62011E-01 3.93728E-02
      0.474     0.850     0.604 6.69401E-01 3.92514E-02
      0.474     0.850     0.646 6.67089E-01 3.97051E-02
      0.474     0.850     0.688 6.48205E-01 4.10074E-02
      0.474     0.850     0.729 5.91235E-01 4.39254E-02
      0.474     0.850     0.771 6.10997E-01 4.32844E-02
      0.474     0.850     0.812 5.78437E-01 4.33371E-02
      0.474     0.850     0.854 5.53129E-01 4.49344E-02
      0.474     0.850     0.896 5.82505E-01 4.22615E-02
      0.474     0.850     0.938 6.11674E-01 4.14377E-02
      0.474     0.850     0.979 4.94396E-01 4.54539E-02
      0.474     0.950     0.021 5.43845E-01 4.30023E-02
      0.474     0.950     0.062 5.89357E-01 4.21118E-02
      0.474     0.950     0.104 5.57291E-01 4.35678E-02
      0.474     0.950     0.146 5.92415E-01 4.26655E-02
      0.474     0.950     0.188 5.83776E-01 4.29343E-02
      0.474     0.950     0.229 5.93351E-01 4.34824E-02
      0.474     0.950     0.271 6.42909E-01 4.18643E-02
      0.474     0.950     0.312 6.19848E-01 4.19223E-02
      0.474     0.950     0.354 6.71880E-01 4.03506E-02
      0.474     0.950     0.396 6.59961E-01 3.97742E-02
      0.474     0.950     0.438 6.88973E-01 3.87700E-02
      0.474     0.950     0.479 6.71637E-01 3.91976E-02
      0.474     0.950     0.521 7.05624E-01 3.77867E-02
      0.474     0.950     0.562 6.75486E-01 3.86275E-02
      0.474     0.950     0.604 7.07989E-01 3.87182E-02
      0.474     0.950     0.646 6.48683E-01 4.05262E-02
      0.474     0.950     0.688 6.43179E-01 4.17968E-02
      0.474     0.950     0.729 6.11805E-01 4.18577E-02
      0.474     0.950     0.771 5.80159E-01 4.41155E-02
      0.474     0.950     0.812 5.78485E-01 4.40671E-02
      0.474     0.950     0.854 5.64870E-01 4.31685E-02
      0.474     0.950     0.896 6.00841E-01 4.14442E-02
      0.474     0.950     0.938 5.70690E-01 4.30873E-02
      0.474     0.950     0.979 5.31005E-01 4.32013E-02
