                                       2        5088        2648010
 testprob32 -- Modified 2-Zone BIG TEN to test del n's, URR                     
ntal     0

kcode   10    1   19
 1.32472E+00 1.30225E+00 1.30790E+00 9.91968E+00 9.85136E+00
 0.00000E+00 0.00000E+00 0.00000E+00 0.00000E+00 0.00000E+00
 0.00000E+00 0.00000E+00 0.00000E+00 1.14499E+00 3.32091E-02
 0.00000E+00 0.00000E+00 5.00000E+02 0.00000E+00
 1.25240E+00 1.24708E+00 1.23997E+00 9.72831E+00 9.71127E+00
 0.00000E+00 0.00000E+00 0.00000E+00 0.00000E+00 0.00000E+00
 0.00000E+00 0.00000E+00 0.00000E+00 1.12306E+00 2.47803E-02
 0.00000E+00 0.00000E+00 6.77000E+02 0.00000E+00
 1.18194E+00 1.20336E+00 1.21013E+00 1.00346E+01 9.99229E+00
 1.21717E+00 3.52293E-02 1.22522E+00 2.18577E-02 1.22505E+00
 1.49172E-02 0.00000E+00 0.00000E+00 1.10619E+00 1.52758E-02
 0.00000E+00 0.00000E+00 5.02000E+02 0.00000E+00
 1.18435E+00 1.21085E+00 1.15790E+00 1.02082E+01 1.01914E+01
 1.20623E+00 2.30944E-02 1.22043E+00 1.34981E-02 1.20267E+00
 2.39842E-02 0.00000E+00 0.00000E+00 1.09278E+00 1.49382E-02
 0.00000E+00 0.00000E+00 4.61000E+02 0.00000E+00
 1.10218E+00 1.11752E+00 1.11796E+00 1.07960E+01 1.08034E+01
 1.18022E+00 3.07121E-02 1.19470E+00 2.74405E-02 1.18149E+00
 2.71317E-02 1.21359E+00 6.03477E-02 1.08952E+00 1.10823E-02
 1.20837E+01 2.44793E-01 5.10000E+02 0.00000E+00
 1.07801E+00 1.05883E+00 1.05529E+00 1.13908E+01 1.14357E+01
 1.15978E+00 3.13650E-02 1.16753E+00 3.45003E-02 1.15625E+00
 3.28434E-02 1.14933E+00 4.93982E-02 1.08183E+00 1.70343E-02
 1.10765E+01 3.75122E-01 4.71000E+02 0.00000E+00
 1.10301E+00 1.11037E+00 1.08531E+00 1.13100E+01 1.13167E+01
 1.15031E+00 2.73014E-02 1.15800E+00 2.97368E-02 1.14443E+00
 2.93076E-02 1.14218E+00 4.22402E-02 1.08175E+00 2.10692E-02
 1.10837E+01 1.63338E-01 4.69000E+02 0.00000E+00
 1.08592E+00 1.07230E+00 1.05799E+00 1.25243E+01 1.25067E+01
 1.14111E+00 2.48403E-02 1.14576E+00 2.79556E-02 1.13208E+00
 2.76769E-02 1.13529E+00 3.52262E-02 0.00000E+00 0.00000E+00
 1.11906E+01 8.59368E-02 4.89000E+02 0.00000E+00
 1.10794E+00 1.08947E+00 1.11058E+00 1.08827E+01 1.09242E+01
 1.13697E+00 2.19083E-02 1.13872E+00 2.52120E-02 1.12939E+00
 2.41191E-02 1.13468E+00 2.61970E-02 0.00000E+00 0.00000E+00
 1.12268E+01 1.01661E-01 4.83000E+02 0.00000E+00
 1.05723E+00 1.06231E+00 1.06479E+00 1.16984E+01 1.16753E+01
 1.12811E+00 2.12558E-02 1.13023E+00 2.38007E-02 1.12221E+00
 2.24495E-02 1.12306E+00 2.47803E-02 0.00000E+00 0.00000E+00
 1.13271E+01 2.56329E-01 5.26000E+02 0.00000E+00
