                                       3        8425         352856
 testprob09 -- kcode in complicated cells and sdef                              
ntal     2
    4    7
tally    4    1    0
f        3
      2      0      5
d        1
u        0
s        0
m        0
c        0
et      33
  1.62524E-01  2.66043E-01  3.58425E-01  4.45672E-01  5.30293E-01  6.13680E-01
  6.96783E-01  7.80264E-01  8.64702E-01  9.50540E-01  1.03829E+00  1.12833E+00
  1.22111E+00  1.31721E+00  1.41707E+00  1.52130E+00  1.63065E+00  1.74593E+00
  1.86807E+00  1.99828E+00  2.13805E+00  2.28926E+00  2.45436E+00  2.63671E+00
  2.84083E+00  3.07352E+00  3.34497E+00  3.67213E+00  4.08642E+00  4.65623E+00
  5.58873E+00  9.00000E+00
t        0
vals
  4.15654E-01 0.0550  5.02267E-01 0.0493  4.04767E-01 0.0522  4.12401E-01 0.0533
  4.10012E-01 0.0529  3.39469E-01 0.0577  3.50894E-01 0.0582  3.32408E-01 0.0611
  2.86101E-01 0.0610  2.85237E-01 0.0644  2.54318E-01 0.0650  2.81183E-01 0.0648
  2.26572E-01 0.0667  2.28712E-01 0.0713  2.29602E-01 0.0671  1.94897E-01 0.0746
  2.36288E-01 0.0693  2.45461E-01 0.0689  2.14103E-01 0.0723  2.14403E-01 0.0725
  2.17090E-01 0.0718  2.05429E-01 0.0747  1.91185E-01 0.0762  1.92287E-01 0.0757
  2.19027E-01 0.0717  2.16510E-01 0.0775  2.11788E-01 0.0728  1.99244E-01 0.0776
  1.85180E-01 0.0802  2.03378E-01 0.0806  1.99540E-01 0.0771  1.79098E-01 0.0816
  8.48451E+00 0.0075  3.24226E-05 0.1967  3.84956E-05 0.2005  4.04082E-05 0.2446
  2.77287E-05 0.2201  3.60240E-05 0.2226  2.49732E-05 0.2415  3.48264E-05 0.2385
  2.70135E-05 0.2274  2.07123E-05 0.2150  2.35991E-05 0.2793  1.90447E-05 0.2901
  1.57258E-05 0.2609  1.54627E-05 0.2871  1.60806E-05 0.3192  2.26308E-05 0.2565
  2.17656E-05 0.3667  1.60185E-05 0.3114  2.12155E-05 0.2704  1.58286E-05 0.2771
  1.61249E-05 0.2882  1.88150E-05 0.2853  1.63448E-05 0.2979  1.41722E-05 0.3381
  7.23627E-06 0.4365  1.30257E-05 0.3621  2.06772E-05 0.2666  5.96701E-06 0.4207
  1.12175E-05 0.3173  8.57712E-06 0.4862  1.81218E-05 0.4328  4.82783E-06 0.4685
  1.13964E-05 0.3366  6.36480E-04 0.0553  2.50953E-01 0.0653  2.83693E-01 0.0573
  2.84978E-01 0.0610  2.84842E-01 0.0597  2.49770E-01 0.0646  2.46827E-01 0.0697
  2.34447E-01 0.0701  2.09071E-01 0.0738  1.96369E-01 0.0739  1.58524E-01 0.0835
  2.02725E-01 0.0777  1.57066E-01 0.0858  1.70144E-01 0.0863  1.87460E-01 0.0809
  1.64425E-01 0.0860  1.70323E-01 0.0869  1.61574E-01 0.0905  1.64645E-01 0.0866
  1.55536E-01 0.0951  1.56641E-01 0.0907  1.75717E-01 0.0850  1.51243E-01 0.0919
  1.34431E-01 0.0965  1.33300E-01 0.0959  1.57401E-01 0.0902  1.38100E-01 0.0942
  1.64586E-01 0.0906  1.53002E-01 0.0998  1.32714E-01 0.1011  1.56346E-01 0.0946
  1.54378E-01 0.0919  1.17741E-01 0.1032  5.85897E+00 0.0080
tfc    9       1       1       1       1       1       1      33       1
       1000  0.00000E+00  0.00000E+00
       2000  8.90604E+00  3.12727E-02
       3000  8.66641E+00  1.69491E-02
       4000  8.37895E+00  1.32497E-02
       5000  8.52723E+00  1.06369E-02
       6000  8.49002E+00  9.40107E-03
       7000  8.51917E+00  8.39762E-03
       8000  8.49418E+00  7.79898E-03
       8425  8.48451E+00  7.54356E-03
tally    7    1    0
f        3
      2      0      5
d        1
u        0
s        0
m        0
c        0
et      33
  1.62524E-01  2.66043E-01  3.58425E-01  4.45672E-01  5.30293E-01  6.13680E-01
  6.96783E-01  7.80264E-01  8.64702E-01  9.50540E-01  1.03829E+00  1.12833E+00
  1.22111E+00  1.31721E+00  1.41707E+00  1.52130E+00  1.63065E+00  1.74593E+00
  1.86807E+00  1.99828E+00  2.13805E+00  2.28926E+00  2.45436E+00  2.63671E+00
  2.84083E+00  3.07352E+00  3.34497E+00  3.67213E+00  4.08642E+00  4.65623E+00
  5.58873E+00  9.00000E+00
t        0
vals
  3.12417E-01 0.0553  3.15132E-01 0.0494  2.35575E-01 0.0522  2.30794E-01 0.0532
  2.22660E-01 0.0529  1.81109E-01 0.0577  1.85392E-01 0.0582  1.75163E-01 0.0611
  1.51498E-01 0.0610  1.55445E-01 0.0644  1.43123E-01 0.0651  1.58404E-01 0.0648
  1.27888E-01 0.0667  1.29893E-01 0.0713  1.31413E-01 0.0671  1.12673E-01 0.0746
  1.38098E-01 0.0693  1.45176E-01 0.0689  1.27784E-01 0.0723  1.28697E-01 0.0726
  1.30451E-01 0.0718  1.22899E-01 0.0747  1.13403E-01 0.0762  1.12619E-01 0.0757
  1.26585E-01 0.0717  1.22921E-01 0.0776  1.17742E-01 0.0728  1.08531E-01 0.0776
  9.81771E-02 0.0802  1.05302E-01 0.0806  9.86234E-02 0.0772  1.15211E-01 0.0830
  4.88080E+00 0.0076  0.00000E+00 0.0000  0.00000E+00 0.0000  0.00000E+00 0.0000
  0.00000E+00 0.0000  0.00000E+00 0.0000  0.00000E+00 0.0000  0.00000E+00 0.0000
  0.00000E+00 0.0000  0.00000E+00 0.0000  0.00000E+00 0.0000  0.00000E+00 0.0000
  0.00000E+00 0.0000  0.00000E+00 0.0000  0.00000E+00 0.0000  0.00000E+00 0.0000
  0.00000E+00 0.0000  0.00000E+00 0.0000  0.00000E+00 0.0000  0.00000E+00 0.0000
  0.00000E+00 0.0000  0.00000E+00 0.0000  0.00000E+00 0.0000  0.00000E+00 0.0000
  0.00000E+00 0.0000  0.00000E+00 0.0000  0.00000E+00 0.0000  0.00000E+00 0.0000
  0.00000E+00 0.0000  0.00000E+00 0.0000  0.00000E+00 0.0000  0.00000E+00 0.0000
  0.00000E+00 0.0000  0.00000E+00 0.0000  0.00000E+00 0.0000  0.00000E+00 0.0000
  0.00000E+00 0.0000  0.00000E+00 0.0000  0.00000E+00 0.0000  0.00000E+00 0.0000
  0.00000E+00 0.0000  0.00000E+00 0.0000  0.00000E+00 0.0000  0.00000E+00 0.0000
  0.00000E+00 0.0000  0.00000E+00 0.0000  0.00000E+00 0.0000  0.00000E+00 0.0000
  0.00000E+00 0.0000  0.00000E+00 0.0000  0.00000E+00 0.0000  0.00000E+00 0.0000
  0.00000E+00 0.0000  0.00000E+00 0.0000  0.00000E+00 0.0000  0.00000E+00 0.0000
  0.00000E+00 0.0000  0.00000E+00 0.0000  0.00000E+00 0.0000  0.00000E+00 0.0000
  0.00000E+00 0.0000  0.00000E+00 0.0000  0.00000E+00 0.0000  0.00000E+00 0.0000
  0.00000E+00 0.0000  0.00000E+00 0.0000  0.00000E+00 0.0000
tfc    9       1       1       1       1       1       1      33       1
       1000  0.00000E+00  0.00000E+00
       2000  5.13341E+00  3.13624E-02
       3000  4.99374E+00  1.71048E-02
       4000  4.81261E+00  1.33462E-02
       5000  4.89907E+00  1.07362E-02
       6000  4.88163E+00  9.51703E-03
       7000  4.89793E+00  8.48634E-03
       8000  4.88690E+00  7.88476E-03
       8425  4.88080E+00  7.62688E-03
kcode   55   10   19
 2.55620E-01 2.55620E-01 2.37690E-01 1.37299E+00 1.37299E+00
 0.00000E+00 0.00000E+00 0.00000E+00 0.00000E+00 0.00000E+00
 0.00000E+00 0.00000E+00 0.00000E+00 9.78370E-01 1.57214E-02
 0.00000E+00 0.00000E+00 1.50000E+02 0.00000E+00
 6.28197E-01 6.28197E-01 7.78007E-01 1.68626E+00 1.68687E+00
 0.00000E+00 0.00000E+00 0.00000E+00 0.00000E+00 0.00000E+00
 0.00000E+00 0.00000E+00 0.00000E+00 9.92234E-01 7.61618E-03
 0.00000E+00 0.00000E+00 4.10000E+01 0.00000E+00
 9.59135E-01 9.59135E-01 9.74168E-01 1.67984E+00 1.67969E+00
 0.00000E+00 0.00000E+00 0.00000E+00 0.00000E+00 0.00000E+00
 0.00000E+00 0.00000E+00 0.00000E+00 9.96529E-01 6.28795E-03
 0.00000E+00 0.00000E+00 3.66000E+02 0.00000E+00
 9.42443E-01 9.42443E-01 9.47992E-01 1.45767E+00 1.45766E+00
 0.00000E+00 0.00000E+00 0.00000E+00 0.00000E+00 0.00000E+00
 0.00000E+00 0.00000E+00 0.00000E+00 9.97039E-01 6.39081E-03
 0.00000E+00 0.00000E+00 2.55000E+02 0.00000E+00
 1.01098E+00 1.01098E+00 1.00458E+00 1.69381E+00 1.69409E+00
 0.00000E+00 0.00000E+00 0.00000E+00 0.00000E+00 0.00000E+00
 0.00000E+00 0.00000E+00 0.00000E+00 9.98033E-01 6.43861E-03
 0.00000E+00 0.00000E+00 1.47000E+02 0.00000E+00
 9.54070E-01 9.54070E-01 9.61915E-01 1.76435E+00 1.76435E+00
 0.00000E+00 0.00000E+00 0.00000E+00 0.00000E+00 0.00000E+00
 0.00000E+00 0.00000E+00 0.00000E+00 9.97868E-01 6.56750E-03
 0.00000E+00 0.00000E+00 1.70000E+02 0.00000E+00
 1.03552E+00 1.03552E+00 1.05384E+00 1.61487E+00 1.61473E+00
 0.00000E+00 0.00000E+00 0.00000E+00 0.00000E+00 0.00000E+00
 0.00000E+00 0.00000E+00 0.00000E+00 9.98648E-01 6.65684E-03
 0.00000E+00 0.00000E+00 1.48000E+02 0.00000E+00
 1.05819E+00 1.05819E+00 1.01534E+00 1.62210E+00 1.62210E+00
 0.00000E+00 0.00000E+00 0.00000E+00 0.00000E+00 0.00000E+00
 0.00000E+00 0.00000E+00 0.00000E+00 9.97588E-01 6.71343E-03
 0.00000E+00 0.00000E+00 1.50000E+02 0.00000E+00
 1.01033E+00 1.01033E+00 1.00705E+00 1.70158E+00 1.70141E+00
 0.00000E+00 0.00000E+00 0.00000E+00 0.00000E+00 0.00000E+00
 0.00000E+00 0.00000E+00 0.00000E+00 9.96979E-01 6.82634E-03
 0.00000E+00 0.00000E+00 1.45000E+02 0.00000E+00
 1.01436E+00 1.01436E+00 1.00903E+00 1.75675E+00 1.75675E+00
 0.00000E+00 0.00000E+00 0.00000E+00 0.00000E+00 0.00000E+00
 0.00000E+00 0.00000E+00 0.00000E+00 9.96741E-01 6.97362E-03
 0.00000E+00 0.00000E+00 1.44000E+02 0.00000E+00
 1.12108E+00 1.12108E+00 1.03296E+00 1.64591E+00 1.64591E+00
 0.00000E+00 0.00000E+00 0.00000E+00 0.00000E+00 0.00000E+00
 0.00000E+00 0.00000E+00 0.00000E+00 9.96436E-01 7.12498E-03
 0.00000E+00 0.00000E+00 1.48000E+02 0.00000E+00
 1.01514E+00 1.01514E+00 9.95909E-01 1.62827E+00 1.62827E+00
 1.06811E+00 5.29704E-02 1.06811E+00 5.29704E-02 1.01444E+00
 1.85262E-02 0.00000E+00 0.00000E+00 9.95003E-01 7.14205E-03
 0.00000E+00 0.00000E+00 1.68000E+02 0.00000E+00
 9.35127E-01 9.35127E-01 1.01946E+00 1.71102E+00 1.71101E+00
 1.02378E+00 5.38534E-02 1.02378E+00 5.38534E-02 1.01611E+00
 1.08262E-02 0.00000E+00 0.00000E+00 9.94838E-01 7.31200E-03
 0.00000E+00 0.00000E+00 1.35000E+02 0.00000E+00
 9.32505E-01 9.32505E-01 1.05261E+00 1.64502E+00 1.64450E+00
 1.00096E+00 4.43937E-02 1.00096E+00 4.43937E-02 1.02523E+00
 1.19114E-02 1.02285E+00 1.39777E-02 9.94893E-01 7.48646E-03
 1.66382E+00 1.85805E-02 1.33000E+02 0.00000E+00
 1.02105E+00 1.02105E+00 1.06680E+00 1.55489E+00 1.55489E+00
 1.00498E+00 3.46211E-02 1.00498E+00 3.46211E-02 1.03355E+00
 1.24189E-02 1.03004E+00 1.42845E-02 9.94349E-01 7.67203E-03
 1.64138E+00 2.67372E-02 1.40000E+02 0.00000E+00
 1.02167E+00 1.02167E+00 9.82314E-01 1.63181E+00 1.63181E+00
 1.00776E+00 2.84045E-02 1.00776E+00 2.84045E-02 1.02501E+00
 1.32563E-02 1.02156E+00 1.32935E-02 9.92743E-01 7.72922E-03
 1.63412E+00 2.24537E-02 1.60000E+02 0.00000E+00
 1.10536E+00 1.10536E+00 1.05670E+00 1.62512E+00 1.62449E+00
 1.02170E+00 2.77611E-02 1.02170E+00 2.77611E-02 1.02954E+00
 1.20839E-02 1.02853E+00 1.26764E-02 9.92741E-01 7.92098E-03
 1.63012E+00 2.51703E-02 1.63000E+02 0.00000E+00
 1.04557E+00 1.04557E+00 9.89279E-01 1.44997E+00 1.44993E+00
 1.02469E+00 2.42262E-02 1.02469E+00 2.42262E-02 1.02450E+00
 1.16120E-02 1.02454E+00 1.15221E-02 9.90806E-01 7.83874E-03
 1.61128E+00 2.87428E-02 1.60000E+02 0.00000E+00
 9.96552E-01 9.96552E-01 9.71133E-01 1.61278E+00 1.61305E+00
 1.02156E+00 2.15930E-02 1.02156E+00 2.15930E-02 1.01857E+00
 1.18338E-02 1.01918E+00 1.16095E-02 9.90392E-01 8.03659E-03
 1.61350E+00 2.53793E-02 1.36000E+02 0.00000E+00
 1.01655E+00 1.01655E+00 9.70495E-01 1.45693E+00 1.45693E+00
 1.02106E+00 1.93199E-02 1.02106E+00 1.93199E-02 1.01377E+00
 1.16253E-02 1.01551E+00 1.11466E-02 9.90704E-01 8.25865E-03
 1.60224E+00 2.70392E-02 1.43000E+02 0.00000E+00
 1.05881E+00 1.05881E+00 9.65066E-01 1.50977E+00 1.51009E+00
 1.02449E+00 1.78092E-02 1.02449E+00 1.78092E-02 1.00934E+00
 1.14094E-02 1.01366E+00 1.05290E-02 9.90876E-01 8.50192E-03
 1.59268E+00 2.59595E-02 1.52000E+02 0.00000E+00
 8.51183E-01 8.51183E-01 8.97464E-01 1.72912E+00 1.72912E+00
 1.01005E+00 2.17460E-02 1.01005E+00 2.17460E-02 1.00002E+00
 1.39784E-02 1.00145E+00 1.45261E-02 9.90772E-01 8.78579E-03
 1.60437E+00 2.69185E-02 1.50000E+02 0.00000E+00
 8.92390E-01 8.92390E-01 9.49572E-01 1.86291E+00 1.86291E+00
 1.00100E+00 2.19556E-02 1.00100E+00 2.19556E-02 9.96135E-01
 1.34310E-02 9.96505E-01 1.39864E-02 9.93877E-01 8.35431E-03
 1.62538E+00 3.15230E-02 1.09000E+02 0.00000E+00
 9.15390E-01 9.15390E-01 9.38408E-01 1.66976E+00 1.66975E+00
 9.94883E-01 2.12268E-02 9.94883E-01 2.12268E-02 9.92012E-01
 1.31005E-02 9.92151E-01 1.36205E-02 9.95881E-01 8.32857E-03
 1.62968E+00 2.97282E-02 1.49000E+02 0.00000E+00
 9.80106E-01 9.80106E-01 8.79282E-01 1.55752E+00 1.55752E+00
 9.93898E-01 1.97856E-02 9.93898E-01 1.97856E-02 9.84496E-01
 1.43255E-02 9.86377E-01 1.45554E-02 9.98045E-01 8.29608E-03
 1.62161E+00 2.80965E-02 1.66000E+02 0.00000E+00
 9.22492E-01 9.22492E-01 9.28734E-01 1.53363E+00 1.53363E+00
 9.89435E-01 1.90382E-02 9.89435E-01 1.90382E-02 9.81011E-01
 1.38461E-02 9.82585E-01 1.40929E-02 1.00095E+00 8.13516E-03
 1.61524E+00 2.68838E-02 1.64000E+02 0.00000E+00
 1.01724E+00 1.01724E+00 1.04559E+00 1.81328E+00 1.81328E+00
 9.91071E-01 1.79580E-02 9.91071E-01 1.79580E-02 9.84810E-01
 1.35496E-02 9.86167E-01 1.36154E-02 1.00350E+00 7.97774E-03
 1.62653E+00 2.75703E-02 1.68000E+02 0.00000E+00
 1.05302E+00 1.05302E+00 1.00541E+00 1.62295E+00 1.62309E+00
 9.94513E-01 1.72772E-02 9.94513E-01 1.72772E-02 9.85955E-01
 1.28258E-02 9.87665E-01 1.29809E-02 1.00236E+00 8.16802E-03
 1.62487E+00 2.59994E-02 1.49000E+02 0.00000E+00
 1.00112E+00 1.00112E+00 1.11683E+00 1.75948E+00 1.76065E+00
 9.94860E-01 1.63463E-02 9.94860E-01 1.63463E-02 9.92843E-01
 1.39511E-02 9.93550E-01 1.32184E-02 1.00163E+00 8.47748E-03
 1.62796E+00 2.50936E-02 1.47000E+02 0.00000E+00
 1.05794E+00 1.05794E+00 1.04467E+00 1.63449E+00 1.63449E+00
 9.98014E-01 1.58249E-02 9.98014E-01 1.58249E-02 9.95435E-01
 1.34865E-02 9.96320E-01 1.28485E-02 9.98681E-01 8.01898E-03
 1.63033E+00 2.37044E-02 1.43000E+02 0.00000E+00
 1.04932E+00 1.04932E+00 1.02409E+00 1.58600E+00 1.58600E+00
 1.00046E+00 1.52495E-02 1.00046E+00 1.52495E-02 9.96799E-01
 1.29006E-02 9.98020E-01 1.23438E-02 9.96760E-01 8.10283E-03
 1.63010E+00 2.24516E-02 1.59000E+02 0.00000E+00
 9.49231E-01 9.49231E-01 1.02601E+00 1.68518E+00 1.68518E+00
 9.98129E-01 1.47250E-02 9.98129E-01 1.47250E-02 9.98127E-01
 1.23717E-02 9.98128E-01 1.17354E-02 9.95433E-01 8.34641E-03
 1.63384E+00 2.17323E-02 1.57000E+02 0.00000E+00
 1.01771E+00 1.01771E+00 1.01514E+00 1.40573E+00 1.40590E+00
 9.98980E-01 1.40960E-02 9.98980E-01 1.40960E-02 9.98867E-01
 1.18447E-02 9.98905E-01 1.12290E-02 9.94608E-01 8.67972E-03
 1.62537E+00 2.26478E-02 1.46000E+02 0.00000E+00
 1.01475E+00 1.01475E+00 1.02560E+00 1.65538E+00 1.65538E+00
 9.99637E-01 1.35119E-02 9.99637E-01 1.35119E-02 9.99981E-01
 1.13950E-02 9.99865E-01 1.07848E-02 9.93661E-01 9.03620E-03
 1.62651E+00 2.16857E-02 1.57000E+02 0.00000E+00
 9.84763E-01 9.84763E-01 9.36494E-01 1.55835E+00 1.55838E+00
 9.99042E-01 1.29738E-02 9.99042E-01 1.29738E-02 9.97441E-01
 1.12209E-02 9.98021E-01 1.05111E-02 9.92188E-01 9.36359E-03
 1.62416E+00 2.09350E-02 1.55000E+02 0.00000E+00
 8.78392E-01 8.78392E-01 9.56574E-01 1.60175E+00 1.60134E+00
 9.94402E-01 1.33005E-02 9.94402E-01 1.33005E-02 9.95870E-01
 1.08947E-02 9.95418E-01 1.04320E-02 9.94696E-01 9.45066E-03
 1.62430E+00 2.01432E-02 1.36000E+02 0.00000E+00
 9.62919E-01 9.62919E-01 9.51757E-01 1.65442E+00 1.65443E+00
 9.93236E-01 1.28515E-02 9.93236E-01 1.28515E-02 9.94236E-01
 1.06099E-02 9.93923E-01 1.01430E-02 9.97369E-01 9.65404E-03
 1.62536E+00 1.93895E-02 1.38000E+02 0.00000E+00
 1.05854E+00 1.05854E+00 9.74569E-01 1.63084E+00 1.63084E+00
 9.95568E-01 1.26017E-02 9.95568E-01 1.26017E-02 9.93533E-01
 1.02481E-02 9.94158E-01 9.77381E-03 9.99760E-01 9.86119E-03
 1.62435E+00 1.86426E-02 1.61000E+02 0.00000E+00
 1.04856E+00 1.04856E+00 9.91309E-01 1.59809E+00 1.59844E+00
 9.97395E-01 1.22959E-02 9.97395E-01 1.22959E-02 9.93457E-01
 9.88869E-03 9.94637E-01 9.45248E-03 1.00051E+00 1.04164E-02
 1.62397E+00 1.79972E-02 1.64000E+02 0.00000E+00
 9.62999E-01 9.62999E-01 1.00551E+00 1.79984E+00 1.79987E+00
 9.96249E-01 1.19342E-02 9.96249E-01 1.19342E-02 9.93858E-01
 9.56182E-03 9.94573E-01 9.11453E-03 1.00070E+00 1.12131E-02
 1.62981E+00 1.83468E-02 1.49000E+02 0.00000E+00
 1.06423E+00 1.06423E+00 1.11126E+00 1.60074E+00 1.60074E+00
 9.98442E-01 1.17493E-02 9.98442E-01 1.17493E-02 9.97646E-01
 9.99361E-03 9.97918E-01 9.41367E-03 1.00069E+00 1.19319E-02
 1.63063E+00 1.78540E-02 1.37000E+02 0.00000E+00
 1.01942E+00 1.01942E+00 1.06051E+00 1.72535E+00 1.72486E+00
 9.99097E-01 1.13951E-02 9.99097E-01 1.13951E-02 9.99610E-01
 9.87366E-03 9.99426E-01 9.23677E-03 9.92969E-01 9.20932E-03
 1.63284E+00 1.73365E-02 1.68000E+02 0.00000E+00
 1.05413E+00 1.05413E+00 1.02045E+00 1.55060E+00 1.55057E+00
 1.00077E+00 1.11696E-02 1.00077E+00 1.11696E-02 1.00024E+00
 9.59061E-03 1.00042E+00 9.00529E-03 9.86321E-01 7.24267E-03
 1.63137E+00 1.69131E-02 1.40000E+02 0.00000E+00
 1.04852E+00 1.04852E+00 1.01911E+00 1.66774E+00 1.66776E+00
 1.00217E+00 1.09267E-02 1.00217E+00 1.09267E-02 1.00080E+00
 9.32079E-03 1.00127E+00 8.77674E-03 9.84690E-01 7.60334E-03
 1.63223E+00 1.64063E-02 1.53000E+02 0.00000E+00
 9.68805E-01 9.68805E-01 9.66696E-01 1.52006E+00 1.52007E+00
 1.00122E+00 1.06527E-02 1.00122E+00 1.06527E-02 9.99822E-01
 9.10286E-03 1.00030E+00 8.57493E-03 9.82466E-01 7.96279E-03
 1.62857E+00 1.63044E-02 1.53000E+02 0.00000E+00
 1.03262E+00 1.03262E+00 1.00283E+00 1.54822E+00 1.54822E+00
 1.00209E+00 1.03892E-02 1.00209E+00 1.03892E-02 9.99906E-01
 8.84678E-03 1.00065E+00 8.34110E-03 9.84115E-01 8.64821E-03
 1.62678E+00 1.59658E-02 1.29000E+02 0.00000E+00
 9.70231E-01 9.70231E-01 9.66850E-01 1.54484E+00 1.54484E+00
 1.00123E+00 1.01412E-02 1.00123E+00 1.01412E-02 9.99012E-01
 8.65062E-03 9.99767E-01 8.15887E-03 9.82936E-01 9.73654E-03
 1.62623E+00 1.56134E-02 1.55000E+02 0.00000E+00
 9.94436E-01 9.94436E-01 9.74027E-01 1.84410E+00 1.84410E+00
 1.00105E+00 9.87230E-03 1.00105E+00 9.87230E-03 9.98355E-01
 8.44553E-03 9.99281E-01 7.95715E-03 9.85146E-01 1.08670E-02
 1.63207E+00 1.65062E-02 1.34000E+02 0.00000E+00
 1.07960E+00 1.07960E+00 1.05281E+00 1.73987E+00 1.73987E+00
 1.00306E+00 9.82451E-03 1.00306E+00 9.82451E-03 9.99751E-01
 8.34378E-03 1.00085E+00 7.92188E-03 9.88054E-01 1.25126E-02
 1.63474E+00 1.62485E-02 1.51000E+02 0.00000E+00
 1.00752E+00 1.00752E+00 9.68250E-01 1.67467E+00 1.67467E+00
 1.00317E+00 9.57639E-03 1.00317E+00 9.57639E-03 9.98964E-01
 8.17056E-03 1.00038E+00 7.74338E-03 9.74950E-01 6.94530E-03
 1.63651E+00 1.61807E-02 1.65000E+02 0.00000E+00
 8.81716E-01 8.81716E-01 9.45494E-01 1.62525E+00 1.62539E+00
 1.00021E+00 9.79845E-03 1.00021E+00 9.79845E-03 9.97660E-01
 8.07480E-03 9.98415E-01 7.76014E-03 9.80204E-01 9.11637E-03
 1.63643E+00 1.57887E-02 1.37000E+02 0.00000E+00
 9.96514E-01 9.96514E-01 9.84509E-01 1.66736E+00 1.66736E+00
 1.00012E+00 9.56272E-03 1.00012E+00 9.56272E-03 9.97346E-01
 7.88641E-03 9.98171E-01 7.57660E-03 9.81563E-01 2.25427E-03
 1.63738E+00 1.54560E-02 1.31000E+02 0.00000E+00
 9.60916E-01 9.60916E-01 9.77017E-01 1.54832E+00 1.54829E+00
 9.99212E-01 9.38209E-03 9.99212E-01 9.38209E-03 9.96874E-01
 7.71532E-03 9.97559E-01 7.41857E-03 0.00000E+00 0.00000E+00
 1.63521E+00 1.52315E-02 1.61000E+02 0.00000E+00
 9.87350E-01 9.87350E-01 9.81652E-01 1.46268E+00 1.46264E+00
 9.98943E-01 9.17035E-03 9.98943E-01 9.17035E-03 9.96528E-01
 7.54587E-03 9.97236E-01 7.25398E-03 0.00000E+00 0.00000E+00
 1.63312E+00 1.52671E-02 1.45000E+02 0.00000E+00
 9.10834E-01 9.10834E-01 9.83090E-01 1.67097E+00 1.67097E+00
 9.96985E-01 9.17558E-03 9.96985E-01 9.17558E-03 9.96229E-01
 7.38232E-03 9.96436E-01 7.12498E-03 0.00000E+00 0.00000E+00
 1.63363E+00 1.48746E-02 1.45000E+02 0.00000E+00
