testprob08 -- use surface source from prob7
1     0 5
2     8 -1.2  -12 10
3     0   -71
4     0    71 -8
6     8 -1.2   -9 8   $ carbon sphere
7     9 -1.2   -10 9  $ another carbon sphere
8     8 -1.2 -1 -5 18
9     8 -1.2 -2 -5 -19
10    8 -1.2 -3 -5 22
11    8 -1.2 -4 -5 20
17    0  12 -18 19 -20 21 -22 23
18    0  #2 #3 #4 #6 #7 #8 #9 #10 #11 #17 -5
 
71    x -9 0  7 0   -1 8
8     so 13
9     so 14
10    so 15
12    so 17
1     kx 18 0.22
2     k/x -18 1 0 0.22
3     ky 18 0.22
4     kz 18 0.22
5     so 30
18    px 17.9
19    px -17.9
20    pz 17.9
21    pz -17.9
22    py 17.9
23    py -17.9
 
m8    6012 .9 26058 .1 plib 02 elib 03
m9    6012 .6  1001 .2  29000 .2 plib .02p elib .03e
pikmt 6012 0    1001 -1
      26058 1 102001 1
ssr   new 71  psc 1 bcw .2 15.9 16.1 col=1
# area
10 1
71 1
9  1
8  1
12 1
1  1
2  1
3  1
4  1
5  1
18 1
19 1
20 1
21 1
22 1
23 1
void 2
f4:n   7
E4     1 2 3 5 7 20
f14:p  7
E14   .1 1 10 100
f24:E  7
E24   .01 .1 1 10 100 1000
f6:n,p 7 6
fq6  e f
f26:p 6 7
fq26  e f
e26   .01 .1 1 5 10 20
*f8:p  6 7
fq8  f t
prdmp 2j -1
print 20 160 162
c imp:p,e,n  0 1 4r 1 3r 0 0
mode e n p
wwp:n 5 3 5
wwe:n  1.0000E+00  2.0000E+01
wwn1:n  -1.0000E+00  0.0000E+00  1.9347E+00  1.2947E+00  1.3762E+00
         4.7348E+00  0.0000E+00  0.0000E+00  0.0000E+00  0.0000E+00
        -1.0000E+00 -1.0000E+00
wwn2:n  -1.0000E+00  0.0000E+00  0.0000E+00  4.4088E-02  6.2841E-02
         1.2896E-01  0.0000E+00  0.0000E+00  0.0000E+00  0.0000E+00
        -1.0000E+00 -1.0000E+00
wwp:p 5 3 5
wwe:p  1.0000E-01  1.0000E+00  1.0000E+01  1.0000E+02
wwn1:p  -1.0000E+00  0.0000E+00  0.0000E+00  3.6070E-03  1.1607E-01
         1.0346E-03  0.0000E+00  0.0000E+00  0.0000E+00  0.0000E+00
        -1.0000E+00 -1.0000E+00
wwn2:p  -1.0000E+00  0.0000E+00  9.0039E-01  1.6982E-02  1.3503E-02
         2.0771E-03  0.0000E+00  0.0000E+00  0.0000E+00  0.0000E+00
        -1.0000E+00 -1.0000E+00
wwn3:p  -1.0000E+00  0.0000E+00  3.8201E-03  3.4398E-03  3.0660E-03
         4.0306E-03  0.0000E+00  0.0000E+00  0.0000E+00  0.0000E+00
        -1.0000E+00 -1.0000E+00
wwn4:p  -1.0000E+00  0.0000E+00  0.0000E+00  0.0000E+00  0.0000E+00
         0.0000E+00  0.0000E+00  0.0000E+00  0.0000E+00  0.0000E+00
        -1.0000E+00 -1.0000E+00
wwp:e 5 3 5
wwe:e  1.0000E-02  1.0000E-01  1.0000E+00  1.0000E+02
wwn1:e  -1.0000E+00  0.0000E+00  0.0000E+00  0.0000E+00  0.0000E+00
         0.0000E+00  0.0000E+00  0.0000E+00  0.0000E+00  0.0000E+00
        -1.0000E+00 -1.0000E+00
wwn2:e  -1.0000E+00  0.0000E+00  0.0000E+00  0.0000E+00  0.0000E+00
         0.0000E+00  0.0000E+00  0.0000E+00  0.0000E+00  0.0000E+00
        -1.0000E+00 -1.0000E+00
wwn3:e  -1.0000E+00  0.0000E+00  0.0000E+00  0.0000E+00  0.0000E+00
         0.0000E+00  0.0000E+00  0.0000E+00  0.0000E+00  0.0000E+00
        -1.0000E+00 -1.0000E+00
wwn4:e  -1.0000E+00  0.0000E+00  0.0000E+00  0.0000E+00  0.0000E+00
         0.0000E+00  0.0000E+00  0.0000E+00  0.0000E+00  0.0000E+00
        -1.0000E+00 -1.0000E+00
wwg   24 2 0 1E8 0 0 1
wwge:e .01 .1 1 100
wwge:p .1 1 10 100
wwge:n 1 20
esplt:e .5 .01 .5 .1 .5 1
f5:n  0 0 16 .01
dd5  -1.E-8
f15:p  0 0 16 .01
dd15  0
nps  2000
phys:e 1000 0 0 1 1 1.2 .8 .1 .7
phys:p 4j 1
  dbcn 17j 0 10j 0
c                 
totnu no
