Spectrum after 1.5 cm water. 10 MeV electrons, 0.1 mm cells, dbcn(18) == 2.
1    1  -1.0    1    -2  -999  imp:e 1.
2    1  -1.0    2    -3  -999  imp:e 1.
3    1  -1.0    3    -4  -999  imp:e 1.
4    1  -1.0    4    -5  -999  imp:e 1.
5    1  -1.0    5    -6  -999  imp:e 1.
6    1  -1.0    6    -7  -999  imp:e 1.
7    1  -1.0    7    -8  -999  imp:e 1.
8    1  -1.0    8    -9  -999  imp:e 1.
9    1  -1.0    9   -10  -999  imp:e 1.
10   1  -1.0   10   -11  -999  imp:e 1.
11   1  -1.0   11   -12  -999  imp:e 1.
12   1  -1.0   12   -13  -999  imp:e 1.
13   1  -1.0   13   -14  -999  imp:e 1.
14   1  -1.0   14   -15  -999  imp:e 1.
15   1  -1.0   15   -16  -999  imp:e 1.
16   1  -1.0   16   -17  -999  imp:e 1.
17   1  -1.0   17   -18  -999  imp:e 1.
18   1  -1.0   18   -19  -999  imp:e 1.
19   1  -1.0   19   -20  -999  imp:e 1.
20   1  -1.0   20   -21  -999  imp:e 1.
21   1  -1.0   21   -22  -999  imp:e 1.
22   1  -1.0   22   -23  -999  imp:e 1.
23   1  -1.0   23   -24  -999  imp:e 1.
24   1  -1.0   24   -25  -999  imp:e 1.
25   1  -1.0   25   -26  -999  imp:e 1.
26   1  -1.0   26   -27  -999  imp:e 1.
27   1  -1.0   27   -28  -999  imp:e 1.
28   1  -1.0   28   -29  -999  imp:e 1.
29   1  -1.0   29   -30  -999  imp:e 1.
30   1  -1.0   30   -31  -999  imp:e 1.
31   1  -1.0   31   -32  -999  imp:e 1.
32   1  -1.0   32   -33  -999  imp:e 1.
33   1  -1.0   33   -34  -999  imp:e 1.
34   1  -1.0   34   -35  -999  imp:e 1.
35   1  -1.0   35   -36  -999  imp:e 1.
36   1  -1.0   36   -37  -999  imp:e 1.
37   1  -1.0   37   -38  -999  imp:e 1.
38   1  -1.0   38   -39  -999  imp:e 1.
39   1  -1.0   39   -40  -999  imp:e 1.
40   1  -1.0   40   -41  -999  imp:e 1.
41   1  -1.0   41   -42  -999  imp:e 1.
42   1  -1.0   42   -43  -999  imp:e 1.
43   1  -1.0   43   -44  -999  imp:e 1.
44   1  -1.0   44   -45  -999  imp:e 1.
45   1  -1.0   45   -46  -999  imp:e 1.
46   1  -1.0   46   -47  -999  imp:e 1.
47   1  -1.0   47   -48  -999  imp:e 1.
48   1  -1.0   48   -49  -999  imp:e 1.
49   1  -1.0   49   -50  -999  imp:e 1.
50   1  -1.0   50   -51  -999  imp:e 1.
51   1  -1.0   51   -52  -999  imp:e 1.
52   1  -1.0   52   -53  -999  imp:e 1.
53   1  -1.0   53   -54  -999  imp:e 1.
54   1  -1.0   54   -55  -999  imp:e 1.
55   1  -1.0   55   -56  -999  imp:e 1.
56   1  -1.0   56   -57  -999  imp:e 1.
57   1  -1.0   57   -58  -999  imp:e 1.
58   1  -1.0   58   -59  -999  imp:e 1.
59   1  -1.0   59   -60  -999  imp:e 1.
60   1  -1.0   60   -61  -999  imp:e 1.
61   1  -1.0   61   -62  -999  imp:e 1.
62   1  -1.0   62   -63  -999  imp:e 1.
63   1  -1.0   63   -64  -999  imp:e 1.
64   1  -1.0   64   -65  -999  imp:e 1.
65   1  -1.0   65   -66  -999  imp:e 1.
66   1  -1.0   66   -67  -999  imp:e 1.
67   1  -1.0   67   -68  -999  imp:e 1.
68   1  -1.0   68   -69  -999  imp:e 1.
69   1  -1.0   69   -70  -999  imp:e 1.
70   1  -1.0   70   -71  -999  imp:e 1.
71   1  -1.0   71   -72  -999  imp:e 1.
72   1  -1.0   72   -73  -999  imp:e 1.
73   1  -1.0   73   -74  -999  imp:e 1.
74   1  -1.0   74   -75  -999  imp:e 1.
75   1  -1.0   75   -76  -999  imp:e 1.
76   1  -1.0   76   -77  -999  imp:e 1.
77   1  -1.0   77   -78  -999  imp:e 1.
78   1  -1.0   78   -79  -999  imp:e 1.
79   1  -1.0   79   -80  -999  imp:e 1.
80   1  -1.0   80   -81  -999  imp:e 1.
81   1  -1.0   81   -82  -999  imp:e 1.
82   1  -1.0   82   -83  -999  imp:e 1.
83   1  -1.0   83   -84  -999  imp:e 1.
84   1  -1.0   84   -85  -999  imp:e 1.
85   1  -1.0   85   -86  -999  imp:e 1.
86   1  -1.0   86   -87  -999  imp:e 1.
87   1  -1.0   87   -88  -999  imp:e 1.
88   1  -1.0   88   -89  -999  imp:e 1.
89   1  -1.0   89   -90  -999  imp:e 1.
90   1  -1.0   90   -91  -999  imp:e 1.
91   1  -1.0   91   -92  -999  imp:e 1.
92   1  -1.0   92   -93  -999  imp:e 1.
93   1  -1.0   93   -94  -999  imp:e 1.
94   1  -1.0   94   -95  -999  imp:e 1.
95   1  -1.0   95   -96  -999  imp:e 1.
96   1  -1.0   96   -97  -999  imp:e 1.
97   1  -1.0   97   -98  -999  imp:e 1.
98   1  -1.0   98   -99  -999  imp:e 1.
99   1  -1.0   99  -100  -999  imp:e 1.
100  1  -1.0  100  -101  -999  imp:e 1.
101  1  -1.0  101  -102  -999  imp:e 1.
102  1  -1.0  102  -103  -999  imp:e 1.
103  1  -1.0  103  -104  -999  imp:e 1.
104  1  -1.0  104  -105  -999  imp:e 1.
105  1  -1.0  105  -106  -999  imp:e 1.
106  1  -1.0  106  -107  -999  imp:e 1.
107  1  -1.0  107  -108  -999  imp:e 1.
108  1  -1.0  108  -109  -999  imp:e 1.
109  1  -1.0  109  -110  -999  imp:e 1.
110  1  -1.0  110  -111  -999  imp:e 1.
111  1  -1.0  111  -112  -999  imp:e 1.
112  1  -1.0  112  -113  -999  imp:e 1.
113  1  -1.0  113  -114  -999  imp:e 1.
114  1  -1.0  114  -115  -999  imp:e 1.
115  1  -1.0  115  -116  -999  imp:e 1.
116  1  -1.0  116  -117  -999  imp:e 1.
117  1  -1.0  117  -118  -999  imp:e 1.
118  1  -1.0  118  -119  -999  imp:e 1.
119  1  -1.0  119  -120  -999  imp:e 1.
120  1  -1.0  120  -121  -999  imp:e 1.
121  1  -1.0  121  -122  -999  imp:e 1.
122  1  -1.0  122  -123  -999  imp:e 1.
123  1  -1.0  123  -124  -999  imp:e 1.
124  1  -1.0  124  -125  -999  imp:e 1.
125  1  -1.0  125  -126  -999  imp:e 1.
126  1  -1.0  126  -127  -999  imp:e 1.
127  1  -1.0  127  -128  -999  imp:e 1.
128  1  -1.0  128  -129  -999  imp:e 1.
129  1  -1.0  129  -130  -999  imp:e 1.
130  1  -1.0  130  -131  -999  imp:e 1.
131  1  -1.0  131  -132  -999  imp:e 1.
132  1  -1.0  132  -133  -999  imp:e 1.
133  1  -1.0  133  -134  -999  imp:e 1.
134  1  -1.0  134  -135  -999  imp:e 1.
135  1  -1.0  135  -136  -999  imp:e 1.
136  1  -1.0  136  -137  -999  imp:e 1.
137  1  -1.0  137  -138  -999  imp:e 1.
138  1  -1.0  138  -139  -999  imp:e 1.
139  1  -1.0  139  -140  -999  imp:e 1.
140  1  -1.0  140  -141  -999  imp:e 1.
141  1  -1.0  141  -142  -999  imp:e 1.
142  1  -1.0  142  -143  -999  imp:e 1.
143  1  -1.0  143  -144  -999  imp:e 1.
144  1  -1.0  144  -145  -999  imp:e 1.
145  1  -1.0  145  -146  -999  imp:e 1.
146  1  -1.0  146  -147  -999  imp:e 1.
147  1  -1.0  147  -148  -999  imp:e 1.
148  1  -1.0  148  -149  -999  imp:e 1.
149  1  -1.0  149  -150  -999  imp:e 1.
150  1  -1.0  150  -998  -999  imp:e 1.
999  0        -1 : 998 : 999   imp:e 0.

1    pz    0.0
2    pz    0.01
3    pz    0.02
4    pz    0.03
5    pz    0.04
6    pz    0.05
7    pz    0.06
8    pz    0.07
9    pz    0.08
10   pz    0.09
11   pz    0.10
12   pz    0.11
13   pz    0.12
14   pz    0.13
15   pz    0.14
16   pz    0.15
17   pz    0.16
18   pz    0.17
19   pz    0.18
20   pz    0.19
21   pz    0.20
22   pz    0.21
23   pz    0.22
24   pz    0.23
25   pz    0.24
26   pz    0.25
27   pz    0.26
28   pz    0.27
29   pz    0.28
30   pz    0.29
31   pz    0.30
32   pz    0.31
33   pz    0.32
34   pz    0.33
35   pz    0.34
36   pz    0.35
37   pz    0.36
38   pz    0.37
39   pz    0.38
40   pz    0.39
41   pz    0.40
42   pz    0.41
43   pz    0.42
44   pz    0.43
45   pz    0.44
46   pz    0.45
47   pz    0.46
48   pz    0.47
49   pz    0.48
50   pz    0.49
51   pz    0.50
52   pz    0.51
53   pz    0.52
54   pz    0.53
55   pz    0.54
56   pz    0.55
57   pz    0.56
58   pz    0.57
59   pz    0.58
60   pz    0.59
61   pz    0.60
62   pz    0.61
63   pz    0.62
64   pz    0.63
65   pz    0.64
66   pz    0.65
67   pz    0.66
68   pz    0.67
69   pz    0.68
70   pz    0.69
71   pz    0.70
72   pz    0.71
73   pz    0.72
74   pz    0.73
75   pz    0.74
76   pz    0.75
77   pz    0.76
78   pz    0.77
79   pz    0.78
80   pz    0.79
81   pz    0.80
82   pz    0.81
83   pz    0.82
84   pz    0.83
85   pz    0.84
86   pz    0.85
87   pz    0.86
88   pz    0.87
89   pz    0.88
90   pz    0.89
91   pz    0.90
92   pz    0.91
93   pz    0.92
94   pz    0.93
95   pz    0.94
96   pz    0.95
97   pz    0.96
98   pz    0.97
99   pz    0.98
100  pz    0.99
101  pz    1.00
102  pz    1.01
103  pz    1.02
104  pz    1.03
105  pz    1.04
106  pz    1.05
107  pz    1.06
108  pz    1.07
109  pz    1.08
110  pz    1.09
111  pz    1.10
112  pz    1.11
113  pz    1.12
114  pz    1.13
115  pz    1.14
116  pz    1.15
117  pz    1.16
118  pz    1.17
119  pz    1.18
120  pz    1.19
121  pz    1.20
122  pz    1.21
123  pz    1.22
124  pz    1.23
125  pz    1.24
126  pz    1.25
127  pz    1.26
128  pz    1.27
129  pz    1.28
130  pz    1.29
131  pz    1.30
132  pz    1.31
133  pz    1.32
134  pz    1.33
135  pz    1.34
136  pz    1.35
137  pz    1.36
138  pz    1.37
139  pz    1.38
140  pz    1.39
141  pz    1.40
142  pz    1.41
143  pz    1.42
144  pz    1.43
145  pz    1.44
146  pz    1.45
147  pz    1.46
148  pz    1.47
149  pz    1.48
150  pz    1.49
998  pz    1.5
999  cz  100.0

mode   e
phys:e 10.0 6j 0.  j j -1.  $  Turn off knock-on electrons and MCS.
m1     1000.12p 2   8000.12p 1  elib 03e
sdef   par=3 erg=10.0 sur=1 pos 0. 0. 0. dir=1.
c
f1:e   998
e1     0.05  198i  10.0
c
*f11:e 998
e11    0.05  198i  10.0
c
*f21:e 998
c
prdmp  2j -1 j 1000
print
c      ctme   60.
nps    20000
dbcn   17j  2.
