                                       2      100000        2430631
 meshtaltest.i                                                                  
ntal     1
   14
tally   14    1    0
f        6
      1      2      3      4      5      0
d        1
u        0
s        0
m        0
c        0
e        0
t        0
vals
  2.41188E-03 0.0069  2.42196E-03 0.0069  2.39497E-03 0.0068  2.34637E-03 0.0070
  2.07629E-03 0.0022  2.20220E-03 0.0020
tfc   10       1       1       1       1       1       1       1       1
      10000  2.37765E-03  2.14872E-02
      20000  2.41560E-03  1.52284E-02
      30000  2.40642E-03  1.24535E-02
      40000  2.40356E-03  1.08184E-02
      50000  2.40643E-03  9.64787E-03
      60000  2.40581E-03  8.81756E-03
      70000  2.41529E-03  8.18162E-03
      80000  2.41387E-03  7.65023E-03
      90000  2.40419E-03  7.22756E-03
     100000  2.41188E-03  6.85523E-03
