Small H2O cells, *F8 heating tally, DBCN(18)==1.
c     Cell cards.
  1   1 -1.0  -1  2  -3  4   1000  -1001  imp:p,e=1  vol=1.
  2   1 -1.0  -1  2  -3  4   1001  -1002  imp:p,e=1  vol=1.
  3   1 -1.0  -1  2  -3  4   1002  -1003  imp:p,e=1  vol=1.
  4   1 -1.0  -1  2  -3  4   1003  -1004  imp:p,e=1  vol=1.
  5   1 -1.0  -1  2  -3  4   1004  -1005  imp:p,e=1  vol=1.
  6   1 -1.0  -1  2  -3  4   1005  -1006  imp:p,e=1  vol=1.
  7   1 -1.0  -1  2  -3  4   1006  -1007  imp:p,e=1  vol=1.
  8   1 -1.0  -1  2  -3  4   1007  -1008  imp:p,e=1  vol=1.
  9   1 -1.0  -1  2  -3  4   1008  -1009  imp:p,e=1  vol=1.
 10   1 -1.0  -1  2  -3  4   1009  -1010  imp:p,e=1  vol=1.
 11   1 -1.0  -1  2  -3  4   1010  -1011  imp:p,e=1  vol=1.
 12   1 -1.0  -1  2  -3  4   1011  -1012  imp:p,e=1  vol=1.
 13   1 -1.0  -1  2  -3  4   1012  -1013  imp:p,e=1  vol=1.
 14   1 -1.0  -1  2  -3  4   1013  -1014  imp:p,e=1  vol=1.
 15   1 -1.0  -1  2  -3  4   1014  -1015  imp:p,e=1  vol=1.
 16   1 -1.0  -1  2  -3  4   1015  -1016  imp:p,e=1  vol=1.
 17   1 -1.0  -1  2  -3  4   1016  -1017  imp:p,e=1  vol=1.
 18   1 -1.0  -1  2  -3  4   1017  -1018  imp:p,e=1  vol=1.
 19   1 -1.0  -1  2  -3  4   1018  -1019  imp:p,e=1  vol=1.
 20   1 -1.0  -1  2  -3  4   1019  -1020  imp:p,e=1  vol=1.
 21   1 -1.0  -1  2  -3  4   1020  -1021  imp:p,e=1  vol=1.
 22   1 -1.0  -1  2  -3  4   1021  -1022  imp:p,e=1  vol=1.
 23   1 -1.0  -1  2  -3  4   1022  -1023  imp:p,e=1  vol=1.
 24   1 -1.0  -1  2  -3  4   1023  -1024  imp:p,e=1  vol=1.
 25   1 -1.0  -1  2  -3  4   1024  -1025  imp:p,e=1  vol=1.
 26   1 -1.0  -1  2  -3  4   1025  -1026  imp:p,e=1  vol=1.
 27   1 -1.0  -1  2  -3  4   1026  -1027  imp:p,e=1  vol=1.
 28   1 -1.0  -1  2  -3  4   1027  -1028  imp:p,e=1  vol=1.
 29   1 -1.0  -1  2  -3  4   1028  -1029  imp:p,e=1  vol=1.
 30   1 -1.0  -1  2  -3  4   1029  -1030  imp:p,e=1  vol=1.
 31   1 -1.0  -1  2  -3  4   1030  -1031  imp:p,e=1  vol=1.
 32   1 -1.0  -1  2  -3  4   1031  -1032  imp:p,e=1  vol=1.
 33   1 -1.0  -1  2  -3  4   1032  -1033  imp:p,e=1  vol=1.
 34   1 -1.0  -1  2  -3  4   1033  -1034  imp:p,e=1  vol=1.
 35   1 -1.0  -1  2  -3  4   1034  -1035  imp:p,e=1  vol=1.
 36   1 -1.0  -1  2  -3  4   1035  -1036  imp:p,e=1  vol=1.
 37   1 -1.0  -1  2  -3  4   1036  -1037  imp:p,e=1  vol=1.
 38   1 -1.0  -1  2  -3  4   1037  -1038  imp:p,e=1  vol=1.
 39   1 -1.0  -1  2  -3  4   1038  -1039  imp:p,e=1  vol=1.
 40   1 -1.0  -1  2  -3  4   1039  -1040  imp:p,e=1  vol=1.
 41   1 -1.0  -1  2  -3  4   1040  -1041  imp:p,e=1  vol=1.
 42   1 -1.0  -1  2  -3  4   1041  -1042  imp:p,e=1  vol=1.
 43   1 -1.0  -1  2  -3  4   1042  -1043  imp:p,e=1  vol=1.
 44   1 -1.0  -1  2  -3  4   1043  -1044  imp:p,e=1  vol=1.
 45   1 -1.0  -1  2  -3  4   1044  -1045  imp:p,e=1  vol=1.
 46   1 -1.0  -1  2  -3  4   1045  -1046  imp:p,e=1  vol=1.
 47   1 -1.0  -1  2  -3  4   1046  -1047  imp:p,e=1  vol=1.
 48   1 -1.0  -1  2  -3  4   1047  -1048  imp:p,e=1  vol=1.
 49   1 -1.0  -1  2  -3  4   1048  -1049  imp:p,e=1  vol=1.
 50   1 -1.0  -1  2  -3  4   1049  -1050  imp:p,e=1  vol=1.
 51   1 -1.0  -1  2  -3  4   1050  -1051  imp:p,e=1  vol=1.
 52   1 -1.0  -1  2  -3  4   1051  -1052  imp:p,e=1  vol=1.
 53   1 -1.0  -1  2  -3  4   1052  -1053  imp:p,e=1  vol=1.
 54   1 -1.0  -1  2  -3  4   1053  -1054  imp:p,e=1  vol=1.
 55   1 -1.0  -1  2  -3  4   1054  -1055  imp:p,e=1  vol=1.
 56   1 -1.0  -1  2  -3  4   1055  -1056  imp:p,e=1  vol=1.
 57   1 -1.0  -1  2  -3  4   1056  -1057  imp:p,e=1  vol=1.
 58   1 -1.0  -1  2  -3  4   1057  -1058  imp:p,e=1  vol=1.
 59   1 -1.0  -1  2  -3  4   1058  -1059  imp:p,e=1  vol=1.
 60   1 -1.0  -1  2  -3  4   1059  -1060  imp:p,e=1  vol=1.
 61   1 -1.0  -1  2  -3  4   1060  -1061  imp:p,e=1  vol=1.
 62   1 -1.0  -1  2  -3  4   1061  -1062  imp:p,e=1  vol=1.
 63   1 -1.0  -1  2  -3  4   1062  -1063  imp:p,e=1  vol=1.
 64   1 -1.0  -1  2  -3  4   1063  -1064  imp:p,e=1  vol=1.
 65   1 -1.0  -1  2  -3  4   1064  -1065  imp:p,e=1  vol=1.
 66   1 -1.0  -1  2  -3  4   1065  -1066  imp:p,e=1  vol=1.
 67   1 -1.0  -1  2  -3  4   1066  -1067  imp:p,e=1  vol=1.
 68   1 -1.0  -1  2  -3  4   1067  -1068  imp:p,e=1  vol=1.
 69   1 -1.0  -1  2  -3  4   1068  -1069  imp:p,e=1  vol=1.
 70   1 -1.0  -1  2  -3  4   1069  -1070  imp:p,e=1  vol=1.
 71   1 -1.0  -1  2  -3  4   1070  -1071  imp:p,e=1  vol=1.
 72   1 -1.0  -1  2  -3  4   1071  -1072  imp:p,e=1  vol=1.
 73   1 -1.0  -1  2  -3  4   1072  -1073  imp:p,e=1  vol=1.
 74   1 -1.0  -1  2  -3  4   1073  -1074  imp:p,e=1  vol=1.
 75   1 -1.0  -1  2  -3  4   1074  -1075  imp:p,e=1  vol=1.
 76   1 -1.0  -1  2  -3  4   1075  -1076  imp:p,e=1  vol=1.
 77   1 -1.0  -1  2  -3  4   1076  -1077  imp:p,e=1  vol=1.
 78   1 -1.0  -1  2  -3  4   1077  -1078  imp:p,e=1  vol=1.
 79   1 -1.0  -1  2  -3  4   1078  -1079  imp:p,e=1  vol=1.
 80   1 -1.0  -1  2  -3  4   1079  -1080  imp:p,e=1  vol=1.
 81   1 -1.0  -1  2  -3  4   1080  -1081  imp:p,e=1  vol=1.
 82   1 -1.0  -1  2  -3  4   1081  -1082  imp:p,e=1  vol=1.
 83   1 -1.0  -1  2  -3  4   1082  -1083  imp:p,e=1  vol=1.
 84   1 -1.0  -1  2  -3  4   1083  -1084  imp:p,e=1  vol=1.
 85   1 -1.0  -1  2  -3  4   1084  -1085  imp:p,e=1  vol=1.
 86   1 -1.0  -1  2  -3  4   1085  -1086  imp:p,e=1  vol=1.
 87   1 -1.0  -1  2  -3  4   1086  -1087  imp:p,e=1  vol=1.
 88   1 -1.0  -1  2  -3  4   1087  -1088  imp:p,e=1  vol=1.
 89   1 -1.0  -1  2  -3  4   1088  -1089  imp:p,e=1  vol=1.
 90   1 -1.0  -1  2  -3  4   1089  -1090  imp:p,e=1  vol=1.
 91   1 -1.0  -1  2  -3  4   1090  -1091  imp:p,e=1  vol=1.
 92   1 -1.0  -1  2  -3  4   1091  -1092  imp:p,e=1  vol=1.
 93   1 -1.0  -1  2  -3  4   1092  -1093  imp:p,e=1  vol=1.
 94   1 -1.0  -1  2  -3  4   1093  -1094  imp:p,e=1  vol=1.
 95   1 -1.0  -1  2  -3  4   1094  -1095  imp:p,e=1  vol=1.
 96   1 -1.0  -1  2  -3  4   1095  -1096  imp:p,e=1  vol=1.
 97   1 -1.0  -1  2  -3  4   1096  -1097  imp:p,e=1  vol=1.
 98   1 -1.0  -1  2  -3  4   1097  -1098  imp:p,e=1  vol=1.
 99   1 -1.0  -1  2  -3  4   1098  -1099  imp:p,e=1  vol=1.
100   1 -1.0  -1  2  -3  4   1099  -1100  imp:p,e=1  vol=1.
101   1 -1.0  -1  2  -3  4   1100  -1101  imp:p,e=1  vol=1.
102   1 -1.0  -1  2  -3  4   1101  -1102  imp:p,e=1  vol=1.
103   1 -1.0  -1  2  -3  4   1102  -1103  imp:p,e=1  vol=1.
104   1 -1.0  -1  2  -3  4   1103  -1104  imp:p,e=1  vol=1.
105   1 -1.0  -1  2  -3  4   1104  -1105  imp:p,e=1  vol=1.
106   1 -1.0  -1  2  -3  4   1105  -1106  imp:p,e=1  vol=1.
107   1 -1.0  -1  2  -3  4   1106  -1107  imp:p,e=1  vol=1.
108   1 -1.0  -1  2  -3  4   1107  -1108  imp:p,e=1  vol=1.
109   1 -1.0  -1  2  -3  4   1108  -1109  imp:p,e=1  vol=1.
110   1 -1.0  -1  2  -3  4   1109  -1110  imp:p,e=1  vol=1.
111   1 -1.0  -1  2  -3  4   1110  -1111  imp:p,e=1  vol=1.
112   1 -1.0  -1  2  -3  4   1111  -1112  imp:p,e=1  vol=1.
113   1 -1.0  -1  2  -3  4   1112  -1113  imp:p,e=1  vol=1.
114   1 -1.0  -1  2  -3  4   1113  -1114  imp:p,e=1  vol=1.
115   1 -1.0  -1  2  -3  4   1114  -1115  imp:p,e=1  vol=1.
116   1 -1.0  -1  2  -3  4   1115  -1116  imp:p,e=1  vol=1.
117   1 -1.0  -1  2  -3  4   1116  -1117  imp:p,e=1  vol=1.
118   1 -1.0  -1  2  -3  4   1117  -1118  imp:p,e=1  vol=1.
119   1 -1.0  -1  2  -3  4   1118  -1119  imp:p,e=1  vol=1.
120   1 -1.0  -1  2  -3  4   1119  -1120  imp:p,e=1  vol=1.
121   1 -1.0  -1  2  -3  4   1120  -1121  imp:p,e=1  vol=1.
122   1 -1.0  -1  2  -3  4   1121  -1122  imp:p,e=1  vol=1.
123   1 -1.0  -1  2  -3  4   1122  -1123  imp:p,e=1  vol=1.
124   1 -1.0  -1  2  -3  4   1123  -1124  imp:p,e=1  vol=1.
125   1 -1.0  -1  2  -3  4   1124  -1125  imp:p,e=1  vol=1.
126   1 -1.0  -1  2  -3  4   1125  -1126  imp:p,e=1  vol=1.
127   1 -1.0  -1  2  -3  4   1126  -1127  imp:p,e=1  vol=1.
128   1 -1.0  -1  2  -3  4   1127  -1128  imp:p,e=1  vol=1.
129   1 -1.0  -1  2  -3  4   1128  -1129  imp:p,e=1  vol=1.
130   1 -1.0  -1  2  -3  4   1129  -1130  imp:p,e=1  vol=1.
131   1 -1.0  -1  2  -3  4   1130  -1131  imp:p,e=1  vol=1.
132   1 -1.0  -1  2  -3  4   1131  -1132  imp:p,e=1  vol=1.
133   1 -1.0  -1  2  -3  4   1132  -1133  imp:p,e=1  vol=1.
134   1 -1.0  -1  2  -3  4   1133  -1134  imp:p,e=1  vol=1.
135   1 -1.0  -1  2  -3  4   1134  -1135  imp:p,e=1  vol=1.
136   1 -1.0  -1  2  -3  4   1135  -1136  imp:p,e=1  vol=1.
137   1 -1.0  -1  2  -3  4   1136  -1137  imp:p,e=1  vol=1.
138   1 -1.0  -1  2  -3  4   1137  -1138  imp:p,e=1  vol=1.
139   1 -1.0  -1  2  -3  4   1138  -1139  imp:p,e=1  vol=1.
140   1 -1.0  -1  2  -3  4   1139  -1140  imp:p,e=1  vol=1.
141   1 -1.0  -1  2  -3  4   1140  -1141  imp:p,e=1  vol=1.
142   1 -1.0  -1  2  -3  4   1141  -1142  imp:p,e=1  vol=1.
143   1 -1.0  -1  2  -3  4   1142  -1143  imp:p,e=1  vol=1.
144   1 -1.0  -1  2  -3  4   1143  -1144  imp:p,e=1  vol=1.
145   1 -1.0  -1  2  -3  4   1144  -1145  imp:p,e=1  vol=1.
146   1 -1.0  -1  2  -3  4   1145  -1146  imp:p,e=1  vol=1.
147   1 -1.0  -1  2  -3  4   1146  -1147  imp:p,e=1  vol=1.
148   1 -1.0  -1  2  -3  4   1147  -1148  imp:p,e=1  vol=1.
149   1 -1.0  -1  2  -3  4   1148  -1149  imp:p,e=1  vol=1.
150   1 -1.0  -1  2  -3  4   1149  -1150  imp:p,e=1  vol=1.
151   1 -1.0  -1  2  -3  4   1150  -1151  imp:p,e=1  vol=1.
152   1 -1.0  -1  2  -3  4   1151  -1152  imp:p,e=1  vol=1.
153   1 -1.0  -1  2  -3  4   1152  -1153  imp:p,e=1  vol=1.
154   1 -1.0  -1  2  -3  4   1153  -1154  imp:p,e=1  vol=1.
155   1 -1.0  -1  2  -3  4   1154  -1155  imp:p,e=1  vol=1.
156   1 -1.0  -1  2  -3  4   1155  -1156  imp:p,e=1  vol=1.
157   1 -1.0  -1  2  -3  4   1156  -1157  imp:p,e=1  vol=1.
158   1 -1.0  -1  2  -3  4   1157  -1158  imp:p,e=1  vol=1.
159   1 -1.0  -1  2  -3  4   1158  -1159  imp:p,e=1  vol=1.
160   1 -1.0  -1  2  -3  4   1159  -1160  imp:p,e=1  vol=1.
200   1 -1.0  ( 1 : -2 : 3 : -4 )  1000  -1160  -10  imp:p,e=1
300   0       ( -1000 : 1160 : 10 )  -100            imp:p,e=1
400   0       100                                    imp:p,e=0

c     Surface cards.
1     px    0.125
2     px   -0.125
3     py    0.25
4     py   -0.25
10    cz   20.
100   so 1000.
1000  pz    0.
1001  pz    0.25
1002  pz    0.50
1003  pz    0.75
1004  pz    1.
1005  pz    1.25
1006  pz    1.50
1007  pz    1.75
1008  pz    2.
1009  pz    2.25
1010  pz    2.50
1011  pz    2.75
1012  pz    3.
1013  pz    3.25
1014  pz    3.50
1015  pz    3.75
1016  pz    4.
1017  pz    4.25
1018  pz    4.50
1019  pz    4.75
1020  pz    5.
1021  pz    5.25
1022  pz    5.50
1023  pz    5.75
1024  pz    6.
1025  pz    6.25
1026  pz    6.50
1027  pz    6.75
1028  pz    7.
1029  pz    7.25
1030  pz    7.50
1031  pz    7.75
1032  pz    8.
1033  pz    8.25
1034  pz    8.50
1035  pz    8.75
1036  pz    9.
1037  pz    9.25
1038  pz    9.50
1039  pz    9.75
1040  pz   10.
1041  pz   10.25
1042  pz   10.50
1043  pz   10.75
1044  pz   11.
1045  pz   11.25
1046  pz   11.50
1047  pz   11.75
1048  pz   12.
1049  pz   12.25
1050  pz   12.50
1051  pz   12.75
1052  pz   13.
1053  pz   13.25
1054  pz   13.50
1055  pz   13.75
1056  pz   14.
1057  pz   14.25
1058  pz   14.50
1059  pz   14.75
1060  pz   15.
1061  pz   15.25
1062  pz   15.50
1063  pz   15.75
1064  pz   16.
1065  pz   16.25
1066  pz   16.50
1067  pz   16.75
1068  pz   17.
1069  pz   17.25
1070  pz   17.50
1071  pz   17.75
1072  pz   18.
1073  pz   18.25
1074  pz   18.50
1075  pz   18.75
1076  pz   19.
1077  pz   19.25
1078  pz   19.50
1079  pz   19.75
1080  pz   20.
1081  pz   20.25
1082  pz   20.50
1083  pz   20.75
1084  pz   21.
1085  pz   21.25
1086  pz   21.50
1087  pz   21.75
1088  pz   22.
1089  pz   22.25
1090  pz   22.50
1091  pz   22.75
1092  pz   23.
1093  pz   23.25
1094  pz   23.50
1095  pz   23.75
1096  pz   24.
1097  pz   24.25
1098  pz   24.50
1099  pz   24.75
1100  pz   25.
1101  pz   25.25
1102  pz   25.50
1103  pz   25.75
1104  pz   26.
1105  pz   26.25
1106  pz   26.50
1107  pz   26.75
1108  pz   27.
1109  pz   27.25
1110  pz   27.50
1111  pz   27.75
1112  pz   28.
1113  pz   28.25
1114  pz   28.50
1115  pz   28.75
1116  pz   29.
1117  pz   29.25
1118  pz   29.50
1119  pz   29.75
1120  pz   30.
1121  pz   30.25
1122  pz   30.50
1123  pz   30.75
1124  pz   31.
1125  pz   31.25
1126  pz   31.50
1127  pz   31.75
1128  pz   32.
1129  pz   32.25
1130  pz   32.50
1131  pz   32.75
1132  pz   33.
1133  pz   33.25
1134  pz   33.50
1135  pz   33.75
1136  pz   34.
1137  pz   34.25
1138  pz   34.50
1139  pz   34.75
1140  pz   35.
1141  pz   35.25
1142  pz   35.50
1143  pz   35.75
1144  pz   36.
1145  pz   36.25
1146  pz   36.50
1147  pz   36.75
1148  pz   37.
1149  pz   37.25
1150  pz   37.50
1151  pz   37.75
1152  pz   38.
1153  pz   38.25
1154  pz   38.50
1155  pz   38.75
1156  pz   39.
1157  pz   39.25
1158  pz   39.50
1159  pz   39.75
1160  pz   40.

c     Data cards.
dbcn  17j  1
mode  p e
sdef  erg=15.0  dir=1  vec=0 0 1  pos=0 0 -1  par=3
*f8:p,e  1 2 3 4 5 6 7 8 9 10 11 12 13 14 15 16 17 18 19 20 21 22 23 24
        25 26 27 28 29 30 31 32 33 34 35 36 37 38 39 40 41 42 43 44 45
        46 47 48 49 50 51 52 53 54 55 56 57 58 59 60 61 62 63 64 65 66
        67 68 69 70 71 72 73 74 75 76 77 78 79 80 81 82 83 84 85 86 87
        88 89 90 91 92 93 94 95 96 97 98 99 100 101 102 103 104 105 106
       107 108 109 110 111 112 113 114 115 116 117 118 119 120 121 122
       123 124 125 126 127 128 129 130 131 132 133 134 135 136 137 138
       139 140 141 142 143 144 145 146 147 148 149 150 151 152 153 154
       155 156 157 158 159 160
fq8    f   e
m1     1000.04p 2  8000.04p 1  $  water.
cut:e  j  0.01  $  10 keV cutoff for electrons.
prdmp  2j  -1
print
nps    1000

