                                       2        5000        1913073
 testprob03 -- many features of the general source                              
ntal     3
    4   14   24
tally    4    1    0
f        1
      4
d        1
u        0
s        0
m        0
c        0
et       8
  1.00000E+00  2.00000E+00  4.00000E+00  6.00000E+00  8.00000E+00  1.20000E+01
  1.40000E+01
t        0
vals
  3.79944E-04 0.0566  3.54973E-05 0.0831  1.49923E-05 0.1100  5.81624E-06 0.2029
  3.87002E-07 0.3356  8.06626E-08 0.6736  0.00000E+00 0.0000  4.36717E-04 0.0521
tfc    5       1       1       1       1       1       1       8       1
       1000  4.36395E-04  1.04890E-01
       2000  4.22708E-04  7.35397E-02
       3000  4.22136E-04  5.94475E-02
       4000  4.30147E-04  5.22194E-02
       5000  4.36717E-04  5.21343E-02
tally   14    1    0
f        1
      4
d        1
ut       4
s        0
m        0
c        0
e        0
t        0
vals
  0.00000E+00 0.0000  0.00000E+00 0.0000  0.00000E+00 0.0000  0.00000E+00 0.0000
tfc    5       1       1       4       1       1       1       1       1
       1000  0.00000E+00  0.00000E+00
       2000  0.00000E+00  0.00000E+00
       3000  0.00000E+00  0.00000E+00
       4000  0.00000E+00  0.00000E+00
       5000  0.00000E+00  0.00000E+00
tally   24    1    0
f        1
      4
d        1
ut       7
s        0
m        0
c        0
e        0
t        0
vals
  4.36717E-04 0.0521  0.00000E+00 0.0000  0.00000E+00 0.0000  0.00000E+00 0.0000
  0.00000E+00 0.0000  0.00000E+00 0.0000  4.36717E-04 0.0521
tfc    5       1       1       7       1       1       1       1       1
       1000  4.36395E-04  1.04890E-01
       2000  4.22708E-04  7.35397E-02
       3000  4.22136E-04  5.94475E-02
       4000  4.30147E-04  5.22194E-02
       5000  4.36717E-04  5.21343E-02
