                                       2          20          73820
 c eee array out of bounds error                                                
ntal     1
    4
tally    4    4    0
f        1
      2
d        1
u        0
s        0
m        0
c        0
et      15
  0.00000E+00  1.00000E-10  9.46500E-02  9.46700E-02  9.84300E-02  9.84500E-02
  1.11055E-01  1.11057E-01  1.14833E-01  1.14835E-01  1.15000E-01  1.20000E-01
  1.20000E-01  1.00000E+02
t        0
vals
  0.00000E+00 0.0000  0.00000E+00 0.0000  8.17924E+02 0.0349  9.44386E-01 0.5323
  3.89116E+01 0.2224  2.52049E+00 0.3047  6.05307E+01 0.3809  0.00000E+00 0.0000
  1.85099E+01 0.5568  0.00000E+00 0.0000  4.69248E-01 0.9747  7.03872E+00 0.6725
  0.00000E+00 0.0000  0.00000E+00 0.0000  9.46849E+02 0.0499
tfc    1       1       1       1       1       1       1      15       1
         20  9.46849E+02  4.99242E-02
