                                       2        6127         160249
 testprob27 -- fission surface source from testprob09                           
ntal     1
    4
tally    4    1    0
f        4
      2      3      4      5
d        1
u        0
s        0
m        0
c        0
et      33
  1.62524E-01  2.66043E-01  3.58425E-01  4.45672E-01  5.30293E-01  6.13680E-01
  6.96783E-01  7.80264E-01  8.64702E-01  9.50540E-01  1.03829E+00  1.12833E+00
  1.22111E+00  1.31721E+00  1.41707E+00  1.52130E+00  1.63065E+00  1.74593E+00
  1.86807E+00  1.99828E+00  2.13805E+00  2.28926E+00  2.45436E+00  2.63671E+00
  2.84083E+00  3.07352E+00  3.34497E+00  3.67213E+00  4.08642E+00  4.65623E+00
  5.58873E+00  9.00000E+00
t        0
vals
  4.25054E-01 0.0565  4.85231E-01 0.0520  4.36701E-01 0.0543  3.95803E-01 0.0552
  3.83035E-01 0.0550  3.39276E-01 0.0612  3.72377E-01 0.0608  3.11102E-01 0.0622
  3.22660E-01 0.0637  2.66360E-01 0.0674  2.30940E-01 0.0709  2.65780E-01 0.0688
  2.30424E-01 0.0766  2.48073E-01 0.0689  2.32235E-01 0.0745  2.02012E-01 0.0796
  2.37383E-01 0.0727  2.46036E-01 0.0697  1.93520E-01 0.0802  2.01010E-01 0.0768
  2.12337E-01 0.0746  2.15839E-01 0.0740  1.91828E-01 0.0785  1.99461E-01 0.0788
  2.29633E-01 0.0737  1.95718E-01 0.0787  2.11704E-01 0.0797  2.08636E-01 0.0797
  1.86963E-01 0.0813  1.78735E-01 0.0853  1.95780E-01 0.0811  1.75957E-01 0.0877
  8.42760E+00 0.0078  2.96406E-05 0.4430  1.74232E-05 0.4254  1.83655E-05 0.4244
  2.20927E-05 0.3725  4.15237E-05 0.3061  3.75849E-05 0.3095  2.84046E-05 0.4783
  3.15843E-05 0.4057  6.88334E-06 0.5123  6.99951E-06 0.4738  1.65882E-05 0.4113
  1.69338E-05 0.4364  1.16749E-05 0.5004  1.40054E-05 0.4292  4.27714E-06 0.5265
  2.89361E-05 0.4989  7.29679E-06 0.6425  6.95336E-06 0.4942  1.16397E-05 0.4250
  9.59975E-06 0.5691  7.75990E-06 0.5931  6.08295E-06 0.7263  6.18056E-06 0.6795
  1.09536E-05 0.4641  6.31808E-06 0.6860  7.76251E-06 0.7070  4.60940E-06 0.7607
  1.31670E-05 0.4907  5.53973E-06 0.7438  1.81034E-06 0.7665  0.00000E+00 0.0000
  6.54700E-06 0.7380  4.45138E-04 0.1020  3.57424E-05 0.2827  8.57884E-05 0.2336
  3.50666E-05 0.3401  3.98332E-05 0.2893  5.85616E-05 0.2846  2.83320E-05 0.3571
  4.01674E-05 0.2950  3.27411E-05 0.3406  2.09567E-05 0.3168  4.13093E-05 0.3404
  1.58992E-05 0.4584  2.82618E-05 0.3066  2.51251E-05 0.3530  1.80387E-05 0.3992
  2.04060E-05 0.4099  2.69201E-05 0.3734  7.83470E-06 0.5477  2.38716E-05 0.3785
  1.57798E-05 0.5024  3.79614E-05 0.3465  1.92383E-05 0.4901  1.13275E-05 0.4306
  1.83873E-05 0.4179  1.74275E-05 0.5063  1.41366E-05 0.4909  3.96506E-05 0.3026
  2.57026E-05 0.4154  2.61991E-05 0.3456  2.67651E-06 0.6800  1.33845E-05 0.4415
  1.05900E-05 0.5219  6.86143E-06 0.5825  8.44179E-04 0.0758  2.49591E-01 0.0659
  2.98578E-01 0.0609  2.66274E-01 0.0625  2.54177E-01 0.0659  2.80303E-01 0.0645
  2.33072E-01 0.0745  2.27340E-01 0.0733  2.00600E-01 0.0771  2.18084E-01 0.0771
  1.77932E-01 0.0850  1.62813E-01 0.0892  1.93359E-01 0.0826  1.75569E-01 0.0866
  1.84816E-01 0.0862  1.52026E-01 0.0924  1.45546E-01 0.0960  1.76991E-01 0.0893
  1.77331E-01 0.0877  1.59336E-01 0.0964  1.48819E-01 0.0944  1.62073E-01 0.0941
  1.48424E-01 0.0958  1.36944E-01 0.1033  1.46175E-01 0.1000  1.81905E-01 0.0883
  1.42107E-01 0.0968  1.60612E-01 0.0944  1.38593E-01 0.1090  1.19507E-01 0.1093
  1.21679E-01 0.1097  1.48490E-01 0.0996  1.24355E-01 0.1046  5.81343E+00 0.0084
tfc    7       1       1       1       1       1       1      33       1
       1000  8.48507E+00  1.86797E-02
       2000  8.61644E+00  1.36998E-02
       3000  8.41148E+00  1.11497E-02
       4000  8.39977E+00  9.69536E-03
       5000  8.40238E+00  8.60738E-03
       6000  8.42788E+00  7.86386E-03
       6127  8.42760E+00  7.79362E-03
