                                       2        5000         256593
 testprob06 -- cutoffs, flagging, and variance reduction features               
ntal     6
    1    2    4    5   14   15
tally    1    1    0
f        1
     36
d        1
u        0
s        0
m        0
ct       7
 -8.66000E-01 -5.00000E-01  0.00000E+00  5.00000E-01  8.66000E-01  1.00000E+00
et       9
  1.83000E-01  4.98000E-01  8.21000E-01  1.35300E+00  3.67900E+00  1.20000E+01
  1.35000E+01  1.42000E+01
t        0
vals
  6.64650E-03 0.1584  8.59829E-03 0.1349  5.98923E-03 0.1633  4.98021E-03 0.1760
  1.08534E-02 0.1241  5.41686E-03 0.1958  1.33152E-03 0.3779  0.00000E+00 0.0000
  4.38160E-02 0.0647  1.35773E-02 0.1137  2.03884E-02 0.0905  1.53310E-02 0.1028
  1.62085E-02 0.1020  2.54596E-02 0.0849  1.16881E-02 0.1262  1.72295E-03 0.3335
  7.69556E-04 0.4998  1.05145E-01 0.0453  8.05146E-03 0.1368  1.24224E-02 0.1175
  9.04667E-03 0.1391  9.43701E-03 0.1314  1.74761E-02 0.1031  9.82230E-03 0.1499
  7.41421E-04 0.5006  1.54659E-03 0.3534  6.85440E-02 0.0532  9.45186E-03 0.1169
  1.24023E-02 0.1057  9.27736E-03 0.1154  8.84540E-03 0.1246  2.10854E-02 0.0894
  2.66792E-02 0.0845  7.49028E-03 0.1550  4.03896E-01 0.0172  4.99128E-01 0.0157
  2.29222E-02 0.0901  2.68463E-02 0.0755  1.55416E-02 0.0948  2.02227E-02 0.0844
  3.45376E-02 0.0714  5.24771E-02 0.0577  1.60960E-02 0.1060  3.00181E-01 0.0215
  4.88825E-01 0.0166  9.65521E-03 0.1080  1.33783E-02 0.0990  7.11880E-03 0.1313
  9.24994E-03 0.1206  1.84509E-02 0.0951  2.81583E-02 0.0805  8.12715E-03 0.1512
  1.06538E-01 0.0409  2.00677E-01 0.0278  7.03045E-02 0.0798  9.40361E-02 0.0619
  6.23046E-02 0.0681  6.89439E-02 0.0640  1.27863E-01 0.0502  1.34242E-01 0.0423
  3.55094E-02 0.0758  8.12932E-01 0.0070  1.40613E+00 0.0108
tfc    5       1       1       1       1       1       7       9       1
       1000  1.39163E+00  2.38527E-02
       2000  1.40040E+00  1.66923E-02
       3000  1.40908E+00  1.39377E-02
       4000  1.40666E+00  1.20928E-02
       5000  1.40613E+00  1.08370E-02
tally    2    1    0
f        4
     17     14     35      0
d        1
u        0
s        0
m        0
c        0
et       3
  1.00000E+00  1.42000E+01
tt       3
  5.00000E+00  1.00000E+01
vals
  6.71753E-04 0.0791  2.47688E-05 0.2161  6.96522E-04 0.0777  1.65769E-03 0.0303
  0.00000E+00 0.0000  1.65769E-03 0.0303  2.32944E-03 0.0317  2.47688E-05 0.2161
  2.35421E-03 0.0316  6.93953E-04 0.0730  3.08531E-05 0.2431  7.24806E-04 0.0713
  1.72703E-03 0.0309  0.00000E+00 0.0000  1.72703E-03 0.0309  2.42099E-03 0.0302
  3.08531E-05 0.2431  2.45184E-03 0.0301  7.14739E-04 0.0575  3.90621E-05 0.1773
  7.53801E-04 0.0559  1.77517E-03 0.0328  0.00000E+00 0.0000  1.77517E-03 0.0328
  2.48991E-03 0.0293  3.90621E-05 0.1773  2.52898E-03 0.0290  6.95607E-04 0.0419
  3.23114E-05 0.1310  7.27919E-04 0.0415  1.72549E-03 0.0158  0.00000E+00 0.0000
  1.72549E-03 0.0158  2.42109E-03 0.0157  3.23114E-05 0.1310  2.45341E-03 0.0157
tfc    5       1       1       1       1       1       1       3       3
       1000  2.52061E-03  7.47837E-02
       2000  2.50769E-03  5.02892E-02
       3000  2.46015E-03  4.17185E-02
       4000  2.41738E-03  3.53538E-02
       5000  2.35421E-03  3.16101E-02
tally    4    1    0
f        3
      3      4      0
d        2
u        0
s        0
m        0
c        0
et       3
  1.00000E+00  1.42000E+01
tt       3
  5.00000E+00  1.00000E+01
vals
  1.16598E-03 0.0585  7.00313E-05 0.1897  1.23601E-03 0.0581  3.12647E-03 0.0256
  0.00000E+00 0.0000  3.12647E-03 0.0256  4.29245E-03 0.0259  7.00313E-05 0.1897
  4.36248E-03 0.0260  3.88995E-07 0.9999  9.59465E-07 0.9999  1.34846E-06 0.7677
  5.71625E-07 0.9999  0.00000E+00 0.0000  5.71625E-07 0.9999  9.60620E-07 0.7196
  9.59465E-07 0.9999  1.92008E-06 0.6158  1.08556E-03 0.0590  5.66926E-05 0.1837
  1.14225E-03 0.0581  3.15864E-03 0.0255  0.00000E+00 0.0000  3.15864E-03 0.0255
  4.24420E-03 0.0258  5.66926E-05 0.1837  4.30089E-03 0.0258  2.68073E-06 0.6297
  0.00000E+00 0.0000  2.68073E-06 0.6297  0.00000E+00 0.0000  0.00000E+00 0.0000
  0.00000E+00 0.0000  2.68073E-06 0.6297  0.00000E+00 0.0000  2.68073E-06 0.6297
  1.12577E-03 0.0420  6.33620E-05 0.1438  1.18913E-03 0.0422  3.14256E-03 0.0155
  0.00000E+00 0.0000  3.14256E-03 0.0155  4.26832E-03 0.0163  6.33620E-05 0.1438
  4.33169E-03 0.0164  1.53486E-06 0.5643  4.79733E-07 0.9999  2.01460E-06 0.4914
  2.85812E-07 0.9999  0.00000E+00 0.0000  2.85812E-07 0.9999  1.82068E-06 0.5009
  4.79733E-07 0.9999  2.30041E-06 0.4478
tfc    5       1       1       1       1       1       1       3       3
       1000  4.38666E-03  5.73439E-02
       2000  4.29053E-03  4.09047E-02
       3000  4.30495E-03  3.32873E-02
       4000  4.40037E-03  2.91194E-02
       5000  4.36248E-03  2.59791E-02
tally    5    1    1
f        1
d        2
u        0
s        0
m        0
c        0
e        0
t        1
  2.00000E+00
vals
  1.43729E-03 0.1087  3.65347E-04 0.0196
tfc    5       1       1       1       1       1       1       1       1
       1000  1.11030E-03  8.65225E-02
       2000  1.20012E-03  7.03048E-02
       3000  1.36481E-03  9.25637E-02
       4000  1.34673E-03  7.61449E-02
       5000  1.43729E-03  1.08683E-01
tally   14    1    0
f        3
      3      4      0
d        1
u        0
s        0
m        0
c        0
e        0
t        0
vals
  3.71908E-03 0.0254  3.67849E-03 0.0252  3.69879E-03 0.0159
tfc    5       1       1       1       1       1       1       1       1
       1000  3.73301E-03  5.61756E-02
       2000  3.65476E-03  4.00855E-02
       3000  3.66692E-03  3.25734E-02
       4000  3.74939E-03  2.84476E-02
       5000  3.71908E-03  2.53890E-02
tally   15    1    1
f        1
d        2
u        0
s        0
m        0
c        0
e        0
tt       6
  2.00000E+00  4.00000E+00  6.00000E+00  8.00000E+00  1.00000E+01
vals
  1.43730E-03 0.1087  1.27086E-04 0.3191  1.57328E-05 0.2332  8.75940E-06 0.5181
  3.97483E-05 0.9362  1.62862E-03 0.1066  3.64854E-04 0.0197  0.00000E+00 0.0000
  0.00000E+00 0.0000  0.00000E+00 0.0000  0.00000E+00 0.0000  3.64854E-04 0.0197
tfc    5       1       1       1       1       1       1       1       6
       1000  1.20977E-03  8.56904E-02
       2000  1.43493E-03  9.58087E-02
       3000  1.60800E-03  1.10442E-01
       4000  1.56540E-03  8.90297E-02
       5000  1.62862E-03  1.06585E-01
