Prob3 - OECD Benchmarks, 3D with voids
1 1 .1    -100
2 0       -201 : -202 : -203 : -204 : -205 :
          -206 : -207 : -208 : -209 : -210 :
          -211 : -212 : -213 : -214 : -215 :
          -216
3 1 .1     #1 #2 -300
4 0        300

100 rpp  -10.  10.  -10.   10.  -10.  10.
c   ------------------------------------
201 rpp  -10.  10.   10.   50.  -10.  10.
202 rpp  -10.  10.  -50.  -10.  -10.  10.
c   ------------------------------------
203 rpp  -30.  30.   50.   60.  -10.  10.
204 rpp  -30.  30.  -60.  -50.  -10.  10.
c   ------------------------------------
205 rpp   30.  40.   50.   60.  -30.  30.
206 rpp  -40. -30.   50.   60.  -30.  30.
207 rpp   30.  40.  -60.  -50.  -30.  30.
208 rpp  -40. -30.  -60.  -50.  -30.  30.
c   ------------------------------------
209 rpp   30.  40.   50.  100.   30.  40.
210 rpp   30.  40. -100.  -50.   30.  40.
211 rpp   30.  40.   50.  100.  -40. -30.
212 rpp   30.  40. -100.  -50.  -40. -30.
213 rpp  -40. -30.   50.  100.   30.  40.
214 rpp  -40. -30. -100.  -50.   30.  40.
215 rpp  -40. -30.   50.  100.  -40. -30.
216 rpp  -40. -30. -100.  -50.  -40. -30.
c   ------------------------------------
300 rpp  -60.  60. -100.  100.  -60.  60.

nps  1000000
rand gen=2 seed=345
imp:n  1 1 1 0
sdef wgt=8000. x=d1 y=d2 z=d3
si1  -10. 10.
sp1  0  1
si2  -10. 10.
sp2  0  1
si3  -10. 10.
sp3  0  1
mgopt f 1 0
XS1 99001.00m  9.99999E+09 xs1.txt 0 1 1 11 0 0 0.0
m1  99001.00m 1.
print
prdmp  0 0 1 0
c
c    detector set A
f3105:n   5.  5.  5. 1
f3115:n   5. 15.  5. .01
f3125:n   5. 25.  5. .01
f3135:n   5. 35.  5. .01
f3145:n   5. 45.  5. .01
f3155:n   5. 55.  5. .01
f3165:n   5. 65.  5. .01
f3175:n   5. 75.  5. .01
f3185:n   5. 85.  5. .01
f3195:n   5. 95.  5. .01
c
c    detector set B
f3205:n   5. 55.  5. .01
f3215:n  15. 55.  5. .01
f3225:n  25. 55.  5. .01
f3235:n  35. 55.  5. .01
f3245:n  45. 55.  5. .01
f3255:n  55. 55.  5. .01
c
c    detector set C
f3305:n   5. 95. 35. .01
f3315:n  15. 95. 35. .01
f3325:n  25. 95. 35. .01
f3335:n  35. 95. 35. .01
f3345:n  45. 95. 35. .01
f3355:n  55. 95. 35. .01
