                                       2        3931        2232022
 testprob29 -- ssr from testprob07; copy of inp08 to test auger production      
ntal     2
    4   24
tally    4    2    0
f        2
      6      7
d        1
u        0
s        0
m        0
c        0
et       5
  1.00000E-02  1.00000E-01  1.00000E+00  1.00000E+01
t        0
vals
  8.01588E-11 0.6754  2.53999E-09 0.6565  3.93851E-08 0.5600  1.79807E-07 0.2846
  2.21812E-07 0.2767  0.00000E+00 0.0000  0.00000E+00 0.0000  0.00000E+00 0.0000
  0.00000E+00 0.0000  0.00000E+00 0.0000
tfc    4       1       1       1       1       1       1       5       1
       1000  1.27239E-07  3.99976E-01
       2000  1.64110E-07  4.76319E-01
       3000  1.96605E-07  3.56931E-01
       3931  2.21812E-07  2.76742E-01
tally   24    4    0
f        2
      6      7
d        1
u        0
s        0
m        0
c        0
et       5
  1.00000E-02  1.00000E-01  1.00000E+00  1.00000E+01
t        0
vals
  5.17746E-11 0.6905  2.72848E-10 0.4542  2.65718E-09 0.4683  3.71335E-09 0.4494
  6.69516E-09 0.4444  0.00000E+00 0.0000  0.00000E+00 0.0000  0.00000E+00 0.0000
  0.00000E+00 0.0000  0.00000E+00 0.0000
tfc    4       1       1       1       1       1       1       5       1
       1000  3.73406E-09  8.62215E-01
       2000  1.99778E-09  8.05203E-01
       3000  5.83568E-09  5.84385E-01
       3931  6.69516E-09  4.44363E-01
