                                       2         100           6835
 test tally assignment and complement material assignment                       
ntal    12
    1    2    4    6    7   11   12   14   16   17    8   18
tally    1    1    0
f        1
      1
d        1
u        0
s        0
m        0
c        0
e        0
t        0
vals
  3.16917E-01 0.1903
tfc    1       1       1       1       1       1       1       1       1
        100  3.16917E-01  1.90326E-01
tally    2    1    0
f        1
      1
d        1
u        0
s        0
m        0
c        0
e        0
t        0
vals
  1.02451E-01 0.2153
tfc    1       1       1       1       1       1       1       1       1
        100  1.02451E-01  2.15334E-01
tally    4    1    0
f        1
      1
d        1
u        0
s        0
m        0
c        0
e        0
t        0
vals
  2.52013E-01 0.1086
tfc    1       1       1       1       1       1       1       1       1
        100  2.52013E-01  1.08590E-01
tally    6    1    0
f        1
      1
d        1
u        0
s        0
m        0
c        0
e        0
t        0
vals
  1.92071E-01 0.1005
tfc    1       1       1       1       1       1       1       1       1
        100  1.92071E-01  1.00491E-01
tally    7    1    0
f        1
      1
d        1
u        0
s        0
m        0
c        0
e        0
t        0
vals
  2.12775E-01 0.0969
tfc    1       1       1       1       1       1       1       1       1
        100  2.12775E-01  9.69279E-02
tally   11    1    0
f        2
      1      1
d        1
u        0
s        0
m        0
c        0
e        0
t        0
vals
  3.16917E-01 0.1903  3.16917E-01 0.1903
tfc    1       1       1       1       1       1       1       1       1
        100  3.16917E-01  1.90326E-01
tally   12    1    0
f        2
      1      1
d        1
u        0
s        0
m        0
c        0
e        0
t        0
vals
  1.02451E-01 0.2153  1.02451E-01 0.2153
tfc    1       1       1       1       1       1       1       1       1
        100  1.02451E-01  2.15334E-01
tally   14    1    0
f        2
      1      1
d        1
u        0
s        0
m        0
c        0
e        0
t        0
vals
  2.52013E-01 0.1086  2.52013E-01 0.1086
tfc    1       1       1       1       1       1       1       1       1
        100  2.52013E-01  1.08590E-01
tally   16    1    0
f        2
      1      1
d        1
u        0
s        0
m        0
c        0
e        0
t        0
vals
  1.92071E-01 0.1005  1.92071E-01 0.1005
tfc    1       1       1       1       1       1       1       1       1
        100  1.92071E-01  1.00491E-01
tally   17    1    0
f        2
      1      1
d        1
u        0
s        0
m        0
c        0
e        0
t        0
vals
  2.12775E-01 0.0969  2.12775E-01 0.0969
tfc    1       1       1       1       1       1       1       1       1
        100  2.12775E-01  9.69279E-02
tally    8    2    0
f        1
      1
d        1
u        0
s        0
m        0
c        0
e        0
t        0
vals
  3.30000E-01 0.1425
tfc    1       1       1       1       1       1       1       1       1
        100  3.30000E-01  1.42489E-01
tally   18    2    0
f        2
      1      1
d        1
u        0
s        0
m        0
c        0
e        0
t        0
vals
  3.30000E-01 0.1425  3.30000E-01 0.1425
tfc    1       1       1       1       1       1       1       1       1
        100  3.30000E-01  1.42489E-01
