                                       2       10000        6225506
 photonuclear physics                                                           
ntal     5
    5   11   14   21   24
tally    5    1    1
f        1
d        2
u        0
s        0
m        0
c        0
e        0
t        0
vals
  2.89492E-08 0.0178  8.20547E-10 0.0480
tfc   10       1       1       1       1       1       1       1       1
       1000  2.95401E-08  6.40564E-02
       2000  3.06494E-08  4.23496E-02
       3000  2.96538E-08  3.30628E-02
       4000  2.89142E-08  2.81382E-02
       5000  2.88176E-08  2.49930E-02
       6000  2.91894E-08  2.26106E-02
       7000  2.92499E-08  2.10280E-02
       8000  2.93032E-08  2.00612E-02
       9000  2.90017E-08  1.88816E-02
      10000  2.89492E-08  1.77742E-02
tally   11    1    0
f        1
     13
d        1
u        0
s        0
m        0
c        0
e        0
t        0
vals
  3.54811E-03 0.0055
tfc   10       1       1       1       1       1       1       1       1
       1000  3.59207E-03  1.30709E-02
       2000  3.51199E-03  9.71812E-03
       3000  3.50289E-03  7.91159E-03
       4000  3.54557E-03  8.00741E-03
       5000  3.54915E-03  7.33402E-03
       6000  3.54483E-03  6.63733E-03
       7000  3.55433E-03  6.41396E-03
       8000  3.55808E-03  6.20684E-03
       9000  3.54797E-03  5.86143E-03
      10000  3.54811E-03  5.47488E-03
tally   14    1    0
f        1
      2
d        1
u        0
s        0
m        0
c        0
e        0
t        0
vals
  1.46480E-06 0.0073
tfc   10       1       1       1       1       1       1       1       1
       1000  1.51495E-06  2.08709E-02
       2000  1.47606E-06  1.51757E-02
       3000  1.46989E-06  1.22689E-02
       4000  1.48116E-06  1.13147E-02
       5000  1.48104E-06  1.03894E-02
       6000  1.47142E-06  9.35895E-03
       7000  1.47370E-06  8.74929E-03
       8000  1.47482E-06  8.29925E-03
       9000  1.46507E-06  7.80826E-03
      10000  1.46480E-06  7.33488E-03
tally   21    2    0
f        1
     13
d        1
u        0
s        0
m        0
c        0
e        0
t        0
vals
  1.68905E-01 0.0234
tfc   10       1       1       1       1       1       1       1       1
       1000  1.49086E-01  7.94710E-02
       2000  1.65104E-01  5.26947E-02
       3000  1.62427E-01  4.34758E-02
       4000  1.56131E-01  3.83345E-02
       5000  1.62514E-01  3.37520E-02
       6000  1.64932E-01  3.05752E-02
       7000  1.64395E-01  2.83498E-02
       8000  1.65983E-01  2.63864E-02
       9000  1.69220E-01  2.46266E-02
      10000  1.68905E-01  2.33897E-02
tally   24    2    0
f        1
      2
d        1
u        0
s        0
m        0
c        0
e        0
t        0
vals
  2.11926E-04 0.0031
tfc   10       1       1       1       1       1       1       1       1
       1000  2.13485E-04  9.96759E-03
       2000  2.12659E-04  6.93691E-03
       3000  2.11881E-04  5.64973E-03
       4000  2.12041E-04  4.90546E-03
       5000  2.11822E-04  4.40327E-03
       6000  2.11640E-04  4.01726E-03
       7000  2.11822E-04  3.74630E-03
       8000  2.11825E-04  3.49979E-03
       9000  2.12137E-04  3.28899E-03
      10000  2.11926E-04  3.11375E-03
