   -1
 
testprob23 - forward 80 group electron-photon detector chip problem             
   1.3000E+01  1.0000E+00  1.0000E+02  0.0000E+00  5.0000E+00  1.0000E+00  2.0000E+00  3.0000E+00  4.0000E+00  5.0000E+00
   1.0000E+00  1.0000E+00  3.0000E+00  1.0000E+00  8.0000E+00  7.0000E+00  1.0000E+00  1.0000E+04  0.0000E+00  0.0000E+00
   2.0000E+00  5.0000E+00  6.0000E+00  1.0000E+00 -3.0000E+00  1.0000E+00  3.0000E+00  1.0000E+00  1.0000E+00  1.0000E+00
   2.0000E+00  0.0000E+00  0.0000E+00  0.0000E+00  0.0000E+00  0.0000E+00  0.0000E+00  0.0000E+00  0.0000E+00  0.0000E+00
     5    7    9    8    9    8    9    8    9    8    9    0    4    0    0    0    0    0    0    0
    1   2   4   5   6   7   8   9  16  17  18  19  20  21  22  23  24  25  26  27  28   7   8  10  11  16  17  18  19  20
   21  22  23  24  25  26  27  28   7   8  12  13  16  17  18  19  20  21  22  23  24  25  26  27  28   7   8  10  11  16
   17  18  19  20  21  22  23  24  25  26  27  28   7   8  14  15  16  17  18  19  20  21  22  23  24  25  26  27  28
