                                       2       10000          20861
 beam in z-direction at two layered water spherical shell                       
ntal     1
   11
tally   11    1    0
f        3
     13     19      0
d        1
u        0
s        0
m        0
c        0
e        0
t        0
vals
  9.99848E-01 0.0001  9.89076E-05 0.9999  9.99946E-01 0.0000
tfc   10       1       1       1       1       1       1       1       1
       1000  9.99945E-01  0.00000E+00
       2000  9.99467E-01  5.00304E-04
       3000  9.99623E-01  3.33627E-04
       4000  9.99704E-01  2.50284E-04
       5000  9.99754E-01  2.00269E-04
       6000  9.99790E-01  1.66918E-04
       7000  9.99812E-01  1.43113E-04
       8000  9.99826E-01  1.25275E-04
       9000  9.99839E-01  1.11388E-04
      10000  9.99848E-01  1.00290E-04
