                                       2       60000        1350029
 testprob22 - electron-photon ssr from testprob 21                              
ntal     2
    8   18
tally    8    2    0
f        1
     50
d        1
u        0
s        0
m        0
c        0
et      23
  2.00000E-03  3.00000E-03  4.00000E-03  5.00000E-03  6.00000E-03  7.00000E-03
  8.00000E-03  9.00000E-03  1.00000E-02  1.50000E-02  2.08780E-02  3.00000E-02
  4.00000E-02  5.00000E-02  6.00000E-02  7.00000E-02  8.00000E-02  9.00000E-02
  1.00000E-01  2.00000E-01  5.00000E-01  1.00000E+00
t        0
vals
  3.65750E-01 0.0054  0.00000E+00 0.0000  0.00000E+00 0.0000  0.00000E+00 0.0000
  0.00000E+00 0.0000  0.00000E+00 0.0000  1.66667E-05 1.0000  0.00000E+00 0.0000
  0.00000E+00 0.0000  1.66667E-05 1.0000  0.00000E+00 0.0000  0.00000E+00 0.0000
  0.00000E+00 0.0000  0.00000E+00 0.0000  0.00000E+00 0.0000  0.00000E+00 0.0000
  0.00000E+00 0.0000  0.00000E+00 0.0000  0.00000E+00 0.0000  0.00000E+00 0.0000
  0.00000E+00 0.0000  0.00000E+00 0.0000  3.65783E-01 0.0054
tfc   15       1       1       1       1       1       1      23       1
       4000  3.70000E-01  2.06319E-02
       8000  3.64875E-01  1.47507E-02
      12000  3.64667E-01  1.20493E-02
      16000  3.65875E-01  1.04079E-02
      20000  3.69000E-01  9.24669E-03
      24000  3.66792E-01  8.48121E-03
      28000  3.67643E-01  7.83771E-03
      32000  3.67875E-01  7.32785E-03
      36000  3.68389E-01  6.90113E-03
      40000  3.67575E-01  6.55845E-03
      44000  3.67114E-01  6.25945E-03
      48000  3.66396E-01  6.00224E-03
      52000  3.65692E-01  5.77551E-03
      56000  3.65125E-01  5.57223E-03
      60000  3.65783E-01  5.37565E-03
tally   18    2    0
f        1
     50
d        1
u        0
s        0
m        0
c        0
et       4
  2.00000E-03  2.08780E-02  1.00000E+00
t        0
vals
  3.65750E-01 0.0054  3.33333E-05 0.7071  0.00000E+00 0.0000  3.65783E-01 0.0054
tfc   15       1       1       1       1       1       1       4       1
       4000  3.70000E-01  2.06319E-02
       8000  3.64875E-01  1.47507E-02
      12000  3.64667E-01  1.20493E-02
      16000  3.65875E-01  1.04079E-02
      20000  3.69000E-01  9.24669E-03
      24000  3.66792E-01  8.48121E-03
      28000  3.67643E-01  7.83771E-03
      32000  3.67875E-01  7.32785E-03
      36000  3.68389E-01  6.90113E-03
      40000  3.67575E-01  6.55845E-03
      44000  3.67114E-01  6.25945E-03
      48000  3.66396E-01  6.00224E-03
      52000  3.65692E-01  5.77551E-03
      56000  3.65125E-01  5.57223E-03
      60000  3.65783E-01  5.37565E-03
