                                       2        1000              0
 beam fired along the intersection of four cubes                                
ntal     1
   11
tally   11    2    0
f       11
      6     14     29     30     31     32     35     36     41     42      0
d        1
u        0
s        0
m        0
c        0
e        0
t        0
vals
  0.00000E+00 0.0000  0.00000E+00 0.0000  0.00000E+00 0.0000  0.00000E+00 0.0000
  0.00000E+00 0.0000  1.00000E+00 0.0000  1.00000E+00 0.0000  0.00000E+00 0.0000
  0.00000E+00 0.0000  0.00000E+00 0.0000  2.00000E+00 0.0000
tfc    1       1       1       1       1       1       1       1       1
       1000  0.00000E+00  0.00000E+00
