LAQGSM Test problem h->Pb  70GeV
1   1  -10   -501      imp:n=1
2   0         501  -502  imp:n=1
99  0         502      imp:n=0

501   so 0.01
502   so 1
c
c  tally surfaces
c
5    kz    0    0.007654253    1
10    kz    0    0.031091151    1
15    kz    0    0.071796643    1
20    kz    0    0.132474088    1
25    kz    0    0.217442414    1
30    kz    0    0.333332652    1
35    kz    0    0.49028952    1
40    kz    0    0.704086505    1
45    kz    0    0.999997346    1
50    kz    0    1.420272373    1
55    kz    0    2.03959969    1
60    kz    0    2.999987744    1
65    kz    0    4.598886921    1
70    kz    0    7.548583695    1
75    kz    0    13.92808003    1
80    kz    0    32.16299385    1
85    kz    0    130.6423246    1
90    pz    0
95    kz    0    130.6503105    -1
100    kz    0    32.16399202    -1
105    kz    0    13.92837571    -1
110    kz    0    7.548708346    -1
115    kz    0    4.598950644    -1
120    kz    0    3.000024513    -1
125    kz    0    2.039622728    -1
130    kz    0    1.420287681    -1
135    kz    0    1.000007961    -1
140    kz    0    0.704094093    -1
145    kz    0    0.490295058    -1
150    kz    0    0.333336738    -1
155    kz    0    0.217445427    -1
160    kz    0    0.132476276    -1
165    kz    0    0.071798167    -1
170    kz    0    0.031092115    -1
175    kz    0    0.007654721    -1

m1 82208 1
lca 7j -2 j 1    $ LAQGSM
prdmp 2J -1
sdef par=h erg=70000 vec=0 0 1 dir 1
nps 500
phys:# 70100
phys:h 70100
phys:n 70100
mode n h # a t d s / z
c
f1:n  502
fs1   -5 -10 -20 -25 -35 -45 -55 -75 -85 105 115 125 135
      145 155 T
sd1   0.17453  0.17453  0.34907  0.17453  0.34907  0.34907
      0.34907 0.69814 0.34907
      0.69814  0.34907  0.34907 0.34907  0.34907 0.34907
      0.87266 12.56636
c
e1   1 3 5 7 9 11 13 15 17 19 22.5 27.5
     32.5 37.5 42.5 47.5 52.5 57.5 62.5
     67.5 72.5 77.5 82.5 87.5 92.5 97.5 105
     115 125 135 145 155 165 175 185 195 205
     215 225 235 245 255 265 275 285 295 305
     315 325 335 345 355 365 375 385 395 405
     415 425 435 445 455 465 475 485 495 505
     515 525 535 545 555 565 575
e0   70600
f11:n   502
f21:h   502
f31:d   502
f41:t   502
f51:s   502
f61:a   502
f71:/   502
f81:z   502
c dbcn  20j  j  5j  1  j  1  2j  0  j  8j  1 2j 1
  dbcn  20j  j  5j  1  j  0  2j  0  j  8j  1 2j 1
c     This problem is sensitive to anti-particle tally promotion.
