                                       2       10000         249684
 test of photonuclear physics using weight-windows                              
ntal     4
   11   14   21   24
tally   11    1    0
f        3
     13     14     18
d        1
u        0
s        0
m        0
c        0
e        0
t        0
vals
  5.09735E-04 0.1198  8.06402E-04 0.0966  5.90487E-04 0.0705
tfc   10       1       1       1       1       1       1       1       1
       1000  2.39925E-04  4.98965E-01
       2000  3.29882E-04  3.51370E-01
       3000  3.79830E-04  2.70300E-01
       4000  3.44855E-04  2.37592E-01
       5000  4.49834E-04  1.73768E-01
       6000  5.29784E-04  1.50376E-01
       7000  5.09777E-04  1.40848E-01
       8000  4.91034E-04  1.33271E-01
       9000  5.16404E-04  1.28416E-01
      10000  5.09735E-04  1.19828E-01
tally   14    1    0
f        5
      2      3      4      5      6
d        1
u        0
s        0
m        0
c        0
e        0
t        0
vals
  4.11470E-06 0.1175  1.63931E-06 0.1018  6.23338E-07 0.0846  0.00000E+00 0.0000
  0.00000E+00 0.0000
tfc   10       1       1       1       1       1       1       1       1
       1000  1.38677E-06  5.18332E-01
       2000  2.43483E-06  3.67017E-01
       3000  2.44893E-06  2.79839E-01
       4000  2.27939E-06  2.45480E-01
       5000  3.30830E-06  1.78903E-01
       6000  3.91442E-06  1.52738E-01
       7000  3.82509E-06  1.42279E-01
       8000  3.78416E-06  1.34543E-01
       9000  4.12289E-06  1.24886E-01
      10000  4.11470E-06  1.17545E-01
tally   21    2    0
f        3
     13     14     18
d        1
u        0
s        0
m        0
c        0
e        0
t        0
vals
  1.05930E+00 0.0042  9.18503E-01 0.0057  7.63767E-01 0.0072
tfc   10       1       1       1       1       1       1       1       1
       1000  1.05002E+00  1.45325E-02
       2000  1.05501E+00  9.44245E-03
       3000  1.04921E+00  7.68249E-03
       4000  1.05486E+00  6.64997E-03
       5000  1.05604E+00  5.85126E-03
       6000  1.06185E+00  5.36310E-03
       7000  1.06072E+00  5.00325E-03
       8000  1.05925E+00  4.68829E-03
       9000  1.05856E+00  4.42364E-03
      10000  1.05930E+00  4.19559E-03
tally   24    2    0
f        5
      2      3      4      5      6
d        1
u        0
s        0
m        0
c        0
e        0
t        0
vals
  1.07281E-02 0.0033  1.48268E-03 0.0050  4.63494E-04 0.0066  1.20651E-03 0.3107
  1.86916E-03 0.2758
tfc   10       1       1       1       1       1       1       1       1
       1000  1.06164E-02  9.94250E-03
       2000  1.06639E-02  7.10796E-03
       3000  1.06520E-02  5.87489E-03
       4000  1.07093E-02  5.18749E-03
       5000  1.07152E-02  4.59333E-03
       6000  1.07310E-02  4.20542E-03
       7000  1.07428E-02  3.95035E-03
       8000  1.07407E-02  3.71438E-03
       9000  1.07212E-02  3.48544E-03
      10000  1.07281E-02  3.29651E-03
