                                       2        1000              0
 beam on fired at the boundary of two planes.                                   
ntal     1
   11
tally   11    2    0
f        7
      7     17     28     29     30     31      0
d        1
u        0
s        0
m        0
c        0
e        0
t        0
vals
  0.00000E+00 0.0000  1.00000E+00 0.0000  1.00000E+00 0.0000  0.00000E+00 0.0000
  1.00000E+00 0.0000  0.00000E+00 0.0000  3.00000E+00 0.0000
tfc    1       1       1       1       1       1       1       1       1
       1000  0.00000E+00  0.00000E+00
