                                       2       50000         340520
 test tally assignment with long tally specification                            
ntal     1
   44
tally   44    1    0
f       58
      2      4      6      8     10     12     14     16     18     20     22
     24     26     28     30     32     34     36     38     40     42     44
     46     48     50     52     54     57     60     62     64     67     71
     76     78     83     86     88     90     92     94     96     98    100
    102    104    106    108    111    116    118    123    127    130    132
    134    137      0
d        1
u        0
s        0
m        0
c        0
e        0
t        0
vals
  1.54932E-01 0.0007  1.64620E-03 0.0509  2.68565E-03 0.0408  1.73215E-03 0.0503
  2.55104E-03 0.0415  5.11528E-03 0.0285  2.38999E-03 0.0432  1.68018E-03 0.0503
  2.47586E-03 0.0420  1.77582E-03 0.0506  2.51505E-03 0.0421  5.12328E-03 0.0287
  2.46708E-03 0.0419  5.09647E-03 0.0286  5.36694E-03 0.0281  2.39016E-03 0.0429
  4.95739E-03 0.0291  2.62142E-03 0.0414  1.73675E-03 0.0504  2.51746E-03 0.0420
  1.79409E-03 0.0491  2.36333E-03 0.0428  5.17915E-03 0.0286  2.36388E-03 0.0435
  1.56729E-03 0.0516  2.42426E-03 0.0428  1.73654E-03 0.0500  1.41075E-03 0.1018
  1.29193E-03 0.1068  1.22422E-03 0.0629  1.10349E-03 0.1128  1.31125E-03 0.1107
  1.41582E-03 0.1007  1.40337E-03 0.1061  1.52754E-03 0.0983  1.27064E-03 0.1063
  1.39611E-03 0.1063  1.13871E-03 0.0669  1.37270E-03 0.1015  1.30062E-03 0.1041
  1.47602E-03 0.1023  1.31730E-03 0.0607  1.43303E-03 0.0589  1.38609E-03 0.1033
  1.37551E-03 0.1035  1.44434E-03 0.1038  1.21446E-03 0.0638  1.50697E-03 0.0984
  1.31980E-03 0.1067  1.28578E-03 0.1095  1.33104E-03 0.1036  1.40464E-03 0.1031
  1.31055E-03 0.1058  1.19871E-03 0.1054  1.28503E-03 0.0614  1.33554E-03 0.1063
  1.43609E-03 0.1019  7.63094E-03 0.0022
tfc   13       1       1       1       1       1       1       1       1
       4000  1.55253E-01  2.51564E-03
       8000  1.54993E-01  1.75815E-03
      12000  1.55190E-01  1.46445E-03
      16000  1.55087E-01  1.26483E-03
      20000  1.54999E-01  1.12008E-03
      24000  1.54978E-01  1.02556E-03
      28000  1.54896E-01  9.44708E-04
      32000  1.54901E-01  8.78215E-04
      36000  1.54895E-01  8.30236E-04
      40000  1.54879E-01  7.87120E-04
      44000  1.54911E-01  7.52310E-04
      48000  1.54932E-01  7.20911E-04
      50000  1.54932E-01  7.06590E-04
