                                       2       59749        1912682
 two HEU spheres w/ Implicit Complement                                         
ntal     0

kcode   60   10   19
 8.33140E-01 8.29532E-01 8.09104E-01 2.74931E+00 2.75322E+00
 0.00000E+00 0.00000E+00 0.00000E+00 0.00000E+00 0.00000E+00
 0.00000E+00 0.00000E+00 0.00000E+00 6.11938E-01 3.99653E-03
 0.00000E+00 0.00000E+00 1.00000E+03 0.00000E+00
 6.86361E-01 6.88633E-01 7.00614E-01 2.70625E+00 2.70400E+00
 0.00000E+00 0.00000E+00 0.00000E+00 0.00000E+00 0.00000E+00
 0.00000E+00 0.00000E+00 0.00000E+00 6.08514E-01 2.18016E-03
 0.00000E+00 0.00000E+00 8.24000E+02 0.00000E+00
 6.35092E-01 6.41472E-01 6.40609E-01 2.66741E+00 2.66108E+00
 0.00000E+00 0.00000E+00 0.00000E+00 0.00000E+00 0.00000E+00
 0.00000E+00 0.00000E+00 0.00000E+00 6.07006E-01 1.53870E-03
 0.00000E+00 0.00000E+00 8.45000E+02 0.00000E+00
 6.35827E-01 6.41810E-01 6.15410E-01 2.69307E+00 2.68753E+00
 0.00000E+00 0.00000E+00 0.00000E+00 0.00000E+00 0.00000E+00
 0.00000E+00 0.00000E+00 0.00000E+00 6.06329E-01 1.45376E-03
 0.00000E+00 0.00000E+00 9.38000E+02 0.00000E+00
 6.41408E-01 6.40949E-01 6.03878E-01 2.60765E+00 2.60700E+00
 0.00000E+00 0.00000E+00 0.00000E+00 0.00000E+00 0.00000E+00
 0.00000E+00 0.00000E+00 0.00000E+00 6.06085E-01 1.47986E-03
 0.00000E+00 0.00000E+00 1.01500E+03 0.00000E+00
 5.88550E-01 5.89255E-01 6.02968E-01 2.87740E+00 2.87302E+00
 0.00000E+00 0.00000E+00 0.00000E+00 0.00000E+00 0.00000E+00
 0.00000E+00 0.00000E+00 0.00000E+00 6.06143E-01 1.51516E-03
 0.00000E+00 0.00000E+00 1.02100E+03 0.00000E+00
 6.14683E-01 6.09888E-01 6.09557E-01 2.74208E+00 2.74710E+00
 0.00000E+00 0.00000E+00 0.00000E+00 0.00000E+00 0.00000E+00
 0.00000E+00 0.00000E+00 0.00000E+00 6.06193E-01 1.54078E-03
 0.00000E+00 0.00000E+00 9.14000E+02 0.00000E+00
 6.06911E-01 6.07227E-01 6.10158E-01 2.66738E+00 2.66711E+00
 0.00000E+00 0.00000E+00 0.00000E+00 0.00000E+00 0.00000E+00
 0.00000E+00 0.00000E+00 0.00000E+00 6.06156E-01 1.56579E-03
 0.00000E+00 0.00000E+00 1.05000E+03 0.00000E+00
 5.90489E-01 5.90893E-01 6.02587E-01 2.74543E+00 2.74447E+00
 0.00000E+00 0.00000E+00 0.00000E+00 0.00000E+00 0.00000E+00
 0.00000E+00 0.00000E+00 0.00000E+00 6.06076E-01 1.59463E-03
 0.00000E+00 0.00000E+00 9.69000E+02 0.00000E+00
 6.02969E-01 6.00677E-01 6.25241E-01 2.73400E+00 2.73492E+00
 0.00000E+00 0.00000E+00 0.00000E+00 0.00000E+00 0.00000E+00
 0.00000E+00 0.00000E+00 0.00000E+00 6.06139E-01 1.62325E-03
 0.00000E+00 0.00000E+00 1.01200E+03 0.00000E+00
 6.38612E-01 6.41344E-01 6.12557E-01 2.74992E+00 2.74738E+00
 0.00000E+00 0.00000E+00 0.00000E+00 0.00000E+00 0.00000E+00
 0.00000E+00 0.00000E+00 0.00000E+00 6.05841E-01 1.59992E-03
 0.00000E+00 0.00000E+00 1.01700E+03 0.00000E+00
 5.83971E-01 5.83089E-01 5.97553E-01 2.78057E+00 2.78119E+00
 6.11292E-01 2.73208E-02 6.12216E-01 2.91278E-02 6.05055E-01
 7.50214E-03 0.00000E+00 0.00000E+00 6.05669E-01 1.64130E-03
 0.00000E+00 0.00000E+00 1.07400E+03 0.00000E+00
 5.84119E-01 5.86078E-01 5.87364E-01 2.69804E+00 2.69646E+00
 6.02234E-01 1.81893E-02 6.03504E-01 1.89400E-02 5.99158E-01
 7.31665E-03 0.00000E+00 0.00000E+00 6.05813E-01 1.66240E-03
 0.00000E+00 0.00000E+00 9.54000E+02 0.00000E+00
 5.94784E-01 5.95083E-01 6.13840E-01 2.71866E+00 2.71813E+00
 6.00371E-01 1.29959E-02 6.01398E-01 1.35570E-02 6.02829E-01
 6.34344E-03 6.06413E-01 1.90235E-02 6.06242E-01 1.65167E-03
 2.86469E+00 1.16617E-01 1.01000E+03 0.00000E+00
 6.13437E-01 6.14452E-01 6.11096E-01 2.79669E+00 2.79552E+00
 6.02985E-01 1.04002E-02 6.04009E-01 1.08209E-02 6.04482E-01
 5.18437E-03 6.08546E-01 1.27816E-02 6.06084E-01 1.67621E-03
 2.79103E+00 2.68030E-02 1.01000E+03 0.00000E+00
 6.08925E-01 6.12053E-01 5.93754E-01 2.77960E+00 2.77677E+00
 6.03975E-01 8.54926E-03 6.05350E-01 8.93636E-03 6.02694E-01
 4.59513E-03 6.09720E-01 1.08177E-02 6.05959E-01 1.71402E-03
 2.78864E+00 2.14426E-02 1.02100E+03 0.00000E+00
 6.05035E-01 6.02916E-01 6.13698E-01 2.75165E+00 2.75439E+00
 6.04126E-01 7.22703E-03 6.05002E-01 7.56060E-03 6.04266E-01
 4.18967E-03 6.08369E-01 5.50663E-03 6.06346E-01 1.74181E-03
 2.79059E+00 1.58836E-02 9.56000E+02 0.00000E+00
 6.03298E-01 6.02637E-01 6.05825E-01 2.72592E+00 2.72688E+00
 6.04023E-01 6.25965E-03 6.04706E-01 6.55434E-03 6.04461E-01
 3.63359E-03 6.07442E-01 4.36714E-03 6.06192E-01 1.76629E-03
 2.77510E+00 1.69800E-02 1.00900E+03 0.00000E+00
 5.86588E-01 5.77706E-01 5.87894E-01 2.57608E+00 2.58408E+00
 6.02085E-01 5.85051E-03 6.01706E-01 6.51254E-03 6.02620E-01
 3.69561E-03 6.02948E-01 4.07060E-03 6.06197E-01 1.80845E-03
 2.76841E+00 2.22250E-02 9.78000E+02 0.00000E+00
 6.05273E-01 6.10547E-01 5.93223E-01 2.69867E+00 2.69386E+00
 6.02404E-01 5.24255E-03 6.02590E-01 5.89170E-03 6.01680E-01
 3.43644E-03 6.01687E-01 3.81660E-03 6.06456E-01 1.76138E-03
 2.75146E+00 2.82627E-02 1.01200E+03 0.00000E+00
 6.22867E-01 6.24890E-01 6.11224E-01 2.85714E+00 2.85559E+00
 6.04264E-01 5.09389E-03 6.04618E-01 5.70179E-03 6.02548E-01
 3.22718E-03 6.02513E-01 3.57744E-03 6.06904E-01 1.80077E-03
 2.77082E+00 2.61094E-02 1.04100E+03 0.00000E+00
 5.78144E-01 5.79839E-01 5.92603E-01 2.66258E+00 2.66039E+00
 6.02088E-01 5.13430E-03 6.02553E-01 5.59963E-03 6.01719E-01
 3.06036E-03 6.01567E-01 3.39350E-03 6.06775E-01 1.86294E-03
 2.73716E+00 2.66398E-02 1.01500E+03 0.00000E+00
 6.26322E-01 6.23785E-01 6.22379E-01 2.72759E+00 2.72917E+00
 6.03952E-01 5.07746E-03 6.04186E-01 5.40365E-03 6.03308E-01
 3.23271E-03 6.03292E-01 3.53001E-03 6.07130E-01 1.88140E-03
 2.73838E+00 2.47457E-02 9.50000E+02 0.00000E+00
 6.19795E-01 6.20037E-01 6.13041E-01 2.72578E+00 2.72557E+00
 6.05083E-01 4.83511E-03 6.05318E-01 5.12932E-03 6.04004E-01
 3.07260E-03 6.03921E-01 3.32520E-03 6.06781E-01 1.87766E-03
 2.73830E+00 2.34536E-02 1.05600E+03 0.00000E+00
 5.92644E-01 5.93684E-01 5.89536E-01 2.82282E+00 2.82149E+00
 6.04254E-01 4.57700E-03 6.04543E-01 4.83772E-03 6.03039E-01
 3.01866E-03 6.02979E-01 3.25657E-03 6.06586E-01 1.93052E-03
 2.74416E+00 2.33695E-02 1.03000E+03 0.00000E+00
 6.19787E-01 6.18166E-01 6.18579E-01 2.80929E+00 2.81198E+00
 6.05225E-01 4.39008E-03 6.05394E-01 4.60468E-03 6.04010E-01
 2.98607E-03 6.03923E-01 3.18553E-03 6.07181E-01 1.92283E-03
 2.75027E+00 2.42154E-02 9.94000E+02 0.00000E+00
 5.89029E-01 5.87862E-01 6.11170E-01 2.74200E+00 2.74299E+00
 6.04272E-01 4.23238E-03 6.04363E-01 4.44658E-03 6.04432E-01
 2.83637E-03 6.04483E-01 3.01442E-03 6.06859E-01 1.94218E-03
 2.75077E+00 2.31488E-02 1.05100E+03 0.00000E+00
 6.37750E-01 6.37463E-01 6.21822E-01 2.62845E+00 2.62719E+00
 6.06132E-01 4.40249E-03 6.06202E-01 4.57786E-03 6.05398E-01
 2.84332E-03 6.05327E-01 2.97655E-03 6.06736E-01 1.98052E-03
 2.74190E+00 2.45314E-02 9.62000E+02 0.00000E+00
 6.15630E-01 6.18658E-01 6.09216E-01 2.67608E+00 2.67362E+00
 6.06632E-01 4.19424E-03 6.06857E-01 4.37957E-03 6.05599E-01
 2.69701E-03 6.05562E-01 2.82625E-03 6.06172E-01 1.99540E-03
 2.73971E+00 2.44805E-02 1.07100E+03 0.00000E+00
 6.06634E-01 6.05885E-01 6.24678E-01 2.78937E+00 2.78979E+00
 6.06632E-01 3.97900E-03 6.06809E-01 4.15511E-03 6.06553E-01
 2.73067E-03 6.06637E-01 2.87536E-03 6.06041E-01 2.09197E-03
 2.73959E+00 2.43633E-02 9.57000E+02 0.00000E+00
 6.13310E-01 6.13899E-01 6.07906E-01 2.70611E+00 2.70565E+00
 6.06950E-01 3.79812E-03 6.07146E-01 3.96669E-03 6.06617E-01
 2.59819E-03 6.06702E-01 2.72902E-03 6.05545E-01 2.02548E-03
 2.74043E+00 2.36235E-02 1.01100E+03 0.00000E+00
 6.01235E-01 6.04060E-01 6.05615E-01 2.84011E+00 2.83758E+00
 6.06690E-01 3.63067E-03 6.07006E-01 3.78469E-03 6.06572E-01
 2.47769E-03 6.06720E-01 2.60674E-03 6.05463E-01 2.11145E-03
 2.74229E+00 2.40519E-02 9.76000E+02 0.00000E+00
 6.26454E-01 6.22906E-01 6.12547E-01 2.68378E+00 2.68691E+00
 6.07550E-01 3.57406E-03 6.07697E-01 3.68188E-03 6.06831E-01
 2.38173E-03 6.06878E-01 2.47853E-03 6.05443E-01 2.21800E-03
 2.74055E+00 2.31974E-02 9.74000E+02 0.00000E+00
 5.98593E-01 6.02872E-01 5.97197E-01 2.69248E+00 2.68814E+00
 6.07177E-01 3.44220E-03 6.07496E-01 3.53086E-03 6.06430E-01
 2.31539E-03 6.06618E-01 2.39764E-03 6.05216E-01 2.27862E-03
 2.74142E+00 2.31740E-02 1.05000E+03 0.00000E+00
 5.88521E-01 5.81188E-01 5.90615E-01 2.74866E+00 2.75623E+00
 6.06430E-01 3.38492E-03 6.06444E-01 3.54641E-03 6.05797E-01
 2.30919E-03 6.05776E-01 2.41338E-03 6.05828E-01 2.40388E-03
 2.74573E+00 2.20736E-02 9.46000E+02 0.00000E+00
 5.98651E-01 5.98502E-01 5.94257E-01 2.74468E+00 2.74457E+00
 6.06131E-01 3.26586E-03 6.06138E-01 3.42095E-03 6.05353E-01
 2.26256E-03 6.05336E-01 2.36349E-03 6.05885E-01 2.36911E-03
 2.74526E+00 2.15564E-02 9.74000E+02 0.00000E+00
 5.95146E-01 5.91962E-01 6.04412E-01 2.74830E+00 2.75174E+00
 6.05724E-01 3.16880E-03 6.05613E-01 3.33342E-03 6.05319E-01
 2.17743E-03 6.05301E-01 2.26925E-03 6.06491E-01 2.41707E-03
 2.74685E+00 1.98901E-02 1.00400E+03 0.00000E+00
 5.92653E-01 5.91554E-01 6.10209E-01 2.67989E+00 2.68060E+00
 6.05257E-01 3.08901E-03 6.05111E-01 3.25117E-03 6.05493E-01
 2.10548E-03 6.05484E-01 2.19024E-03 6.06541E-01 2.49067E-03
 2.74629E+00 1.97038E-02 1.00200E+03 0.00000E+00
 6.20185E-01 6.19103E-01 6.09254E-01 2.68361E+00 2.68469E+00
 6.05772E-01 3.02471E-03 6.05594E-01 3.17394E-03 6.05623E-01
 2.03571E-03 6.05605E-01 2.11638E-03 6.06369E-01 2.56953E-03
 2.74287E+00 1.91205E-02 1.01200E+03 0.00000E+00
 5.81331E-01 5.75250E-01 5.94764E-01 2.68430E+00 2.68991E+00
 6.04957E-01 3.03359E-03 6.04582E-01 3.22884E-03 6.05261E-01
 1.99972E-03 6.05309E-01 2.08412E-03 6.06291E-01 2.71271E-03
 2.74027E+00 1.81765E-02 1.06400E+03 0.00000E+00
 5.70703E-01 5.71287E-01 5.97761E-01 2.79937E+00 2.79867E+00
 6.03852E-01 3.13528E-03 6.03508E-01 3.30248E-03 6.05019E-01
 1.94921E-03 6.05117E-01 2.02633E-03 6.06514E-01 2.68826E-03
 2.74284E+00 1.79736E-02 9.11000E+02 0.00000E+00
 5.93791E-01 5.90456E-01 5.95497E-01 2.79063E+00 2.79454E+00
 6.03538E-01 3.05196E-03 6.03100E-01 3.22352E-03 6.04721E-01
 1.91063E-03 6.04859E-01 1.98941E-03 6.06825E-01 2.78165E-03
 2.74693E+00 1.75707E-02 9.76000E+02 0.00000E+00
 6.19465E-01 6.20023E-01 6.03082E-01 2.82432E+00 2.82365E+00
 6.04021E-01 2.99715E-03 6.03613E-01 3.16612E-03 6.04672E-01
 1.85249E-03 6.04763E-01 1.92291E-03 6.07474E-01 2.76282E-03
 2.74522E+00 1.78755E-02 1.06000E+03 0.00000E+00
 6.00154E-01 5.99331E-01 5.99885E-01 2.75554E+00 2.75321E+00
 6.03907E-01 2.90989E-03 6.03487E-01 3.07417E-03 6.04531E-01
 1.80269E-03 6.04625E-01 1.87075E-03 6.07759E-01 2.97270E-03
 2.74221E+00 1.32192E-02 1.08800E+03 0.00000E+00
 5.88643E-01 5.87406E-01 5.96222E-01 2.61493E+00 2.61561E+00
 6.03471E-01 2.85898E-03 6.03028E-01 3.02020E-03 6.04294E-01
 1.76645E-03 6.04414E-01 1.83249E-03 6.08330E-01 3.10737E-03
 2.74078E+00 1.36809E-02 9.97000E+02 0.00000E+00
 5.95491E-01 5.97674E-01 5.90388E-01 2.68577E+00 2.68330E+00
 6.03249E-01 2.78726E-03 6.02879E-01 2.93887E-03 6.03907E-01
 1.75960E-03 6.03960E-01 1.82199E-03 6.09130E-01 3.13378E-03
 2.74068E+00 1.35918E-02 9.56000E+02 0.00000E+00
 5.95947E-01 5.98948E-01 5.88516E-01 2.81076E+00 2.80854E+00
 6.03052E-01 2.71806E-03 6.02773E-01 2.86031E-03 6.03491E-01
 1.76121E-03 6.03482E-01 1.81805E-03 6.10551E-01 3.15199E-03
 2.74235E+00 1.35207E-02 1.01000E+03 0.00000E+00
 5.91189E-01 5.90316E-01 5.97054E-01 2.75767E+00 2.75943E+00
 6.02740E-01 2.66392E-03 6.02445E-01 2.80326E-03 6.03322E-01
 1.72259E-03 6.03322E-01 1.77769E-03 6.13211E-01 2.88101E-03
 2.74328E+00 1.30941E-02 9.92000E+02 0.00000E+00
 6.04894E-01 6.00621E-01 6.19114E-01 2.75902E+00 2.76327E+00
 6.02795E-01 2.59530E-03 6.02398E-01 2.73083E-03 6.03727E-01
 1.72601E-03 6.03651E-01 1.78651E-03 6.14329E-01 2.68495E-03
 2.74306E+00 1.30158E-02 9.73000E+02 0.00000E+00
 5.90246E-01 5.89182E-01 5.98428E-01 2.81486E+00 2.81635E+00
 6.02481E-01 2.54897E-03 6.02068E-01 2.68212E-03 6.03594E-01
 1.68751E-03 6.03527E-01 1.74820E-03 6.14039E-01 2.65498E-03
 2.74598E+00 1.28600E-02 1.02200E+03 0.00000E+00
 5.81106E-01 5.82487E-01 6.02432E-01 2.88361E+00 2.88154E+00
 6.01960E-01 2.54010E-03 6.01590E-01 2.65912E-03 6.03566E-01
 1.64608E-03 6.03523E-01 1.70709E-03 6.15138E-01 2.43393E-03
 2.74982E+00 1.32704E-02 9.90000E+02 0.00000E+00
 6.21259E-01 6.22906E-01 6.25841E-01 2.74895E+00 2.74739E+00
 6.02419E-01 2.52111E-03 6.02098E-01 2.64420E-03 6.04096E-01
 1.69170E-03 6.04081E-01 1.75590E-03 6.16575E-01 2.21526E-03
 2.74988E+00 1.30829E-02 9.82000E+02 0.00000E+00
 6.13183E-01 6.10981E-01 6.12873E-01 2.68422E+00 2.68733E+00
 6.02670E-01 2.47447E-03 6.02304E-01 2.59023E-03 6.04301E-01
 1.66445E-03 6.04272E-01 1.72783E-03 6.15194E-01 2.20685E-03
 2.74888E+00 1.29118E-02 1.09100E+03 0.00000E+00
 6.03032E-01 6.04811E-01 6.13543E-01 2.81711E+00 2.81511E+00
 6.02678E-01 2.41760E-03 6.02361E-01 2.53131E-03 6.04511E-01
 1.63970E-03 6.04482E-01 1.70362E-03 6.15395E-01 2.55352E-03
 2.75005E+00 1.28691E-02 9.64000E+02 0.00000E+00
 6.31828E-01 6.34799E-01 6.15019E-01 2.80084E+00 2.79762E+00
 6.03326E-01 2.45044E-03 6.03082E-01 2.57728E-03 6.04744E-01
 1.61977E-03 6.04774E-01 1.67138E-03 6.16114E-01 3.45069E-03
 2.75082E+00 1.27185E-02 9.59000E+02 0.00000E+00
 6.11473E-01 6.12312E-01 6.15344E-01 2.67269E+00 2.67210E+00
 6.03503E-01 2.40311E-03 6.03283E-01 2.52861E-03 6.04975E-01
 1.60083E-03 6.05005E-01 1.65149E-03 6.18615E-01 5.81249E-03
 2.74867E+00 1.26445E-02 1.06400E+03 0.00000E+00
 6.02946E-01 6.00800E-01 6.08112E-01 2.71837E+00 2.71987E+00
 6.03491E-01 2.35145E-03 6.03230E-01 2.47478E-03 6.05041E-01
 1.56782E-03 6.05069E-01 1.61937E-03 6.31984E-01 9.80341E-03
 2.74854E+00 1.24886E-02 9.65000E+02 0.00000E+00
 6.39826E-01 6.37546E-01 6.19629E-01 2.76624E+00 2.76805E+00
 6.04248E-01 2.42321E-03 6.03945E-01 2.52596E-03 6.05345E-01
 1.56461E-03 6.05385E-01 1.60754E-03 0.00000E+00 0.00000E+00
 2.74933E+00 1.22731E-02 9.67000E+02 0.00000E+00
 6.14274E-01 6.13434E-01 6.24401E-01 2.74908E+00 2.74977E+00
 6.04452E-01 2.38205E-03 6.04139E-01 2.48144E-03 6.05734E-01
 1.58093E-03 6.05753E-01 1.62872E-03 0.00000E+00 0.00000E+00
 2.74950E+00 1.21060E-02 1.06500E+03 0.00000E+00
 6.19860E-01 6.16513E-01 6.11243E-01 2.79880E+00 2.80169E+00
 6.04761E-01 2.35417E-03 6.04386E-01 2.44387E-03 6.05844E-01
 1.55290E-03 6.05841E-01 1.59992E-03 0.00000E+00 0.00000E+00
 2.75113E+00 1.20211E-02 9.48000E+02 0.00000E+00
