 input file (right cylinder) for verification problem #07: conformal mesh        
 Number of histories used for normalizing tallies =        100000.00

 Mesh Tally Number         4
 This is a neutron mesh tally.

 Tally bin boundaries:
  Cylinder origin at   3.25E+00  0.00E+00  0.00E+00, axis in  1.000E+00 0.000E+00 0.000E+00 direction
    R direction:      0.00      0.22      0.32      0.39      0.45      0.50
    Z direction:      0.00      0.10      0.20      0.30      0.40      0.50      0.60      0.70      0.80      0.90      1.00
    Theta direction (revolutions):     0.000     0.042     0.083     0.125     0.167     0.208     0.250     0.292     0.333     0.375     0.417     0.458     0.500     0.542     0.583     0.625     0.667     0.708     0.750     0.792     0.833     0.875     0.917     0.958     1.000
    Energy bin boundaries: 0.00E+00 1.00E+36

        R         Z         Th    Result     Rel Error
      0.112     0.050     0.021 2.98360E-01 5.81774E-02
      0.112     0.050     0.062 2.81680E-01 5.96270E-02
      0.112     0.050     0.104 2.76348E-01 6.17624E-02
      0.112     0.050     0.146 2.78007E-01 6.07474E-02
      0.112     0.050     0.188 2.71078E-01 6.07989E-02
      0.112     0.050     0.229 2.71844E-01 5.82978E-02
      0.112     0.050     0.271 2.74128E-01 5.93486E-02
      0.112     0.050     0.312 2.83261E-01 6.16218E-02
      0.112     0.050     0.354 2.74088E-01 5.85166E-02
      0.112     0.050     0.396 2.90567E-01 5.82542E-02
      0.112     0.050     0.438 2.79624E-01 5.91886E-02
      0.112     0.050     0.479 2.93311E-01 5.86509E-02
      0.112     0.050     0.521 2.82376E-01 5.84590E-02
      0.112     0.050     0.562 2.57534E-01 6.04677E-02
      0.112     0.050     0.604 2.67364E-01 6.24622E-02
      0.112     0.050     0.646 2.70853E-01 6.15119E-02
      0.112     0.050     0.688 2.50390E-01 6.28490E-02
      0.112     0.050     0.729 2.70422E-01 6.12822E-02
      0.112     0.050     0.771 2.72378E-01 6.06323E-02
      0.112     0.050     0.812 2.57786E-01 6.05382E-02
      0.112     0.050     0.854 2.88225E-01 6.00557E-02
      0.112     0.050     0.896 2.93067E-01 5.84916E-02
      0.112     0.050     0.938 2.79188E-01 5.99167E-02
      0.112     0.050     0.979 2.87667E-01 5.90029E-02
      0.112     0.150     0.021 2.61680E-01 6.33205E-02
      0.112     0.150     0.062 2.77698E-01 6.27365E-02
      0.112     0.150     0.104 2.48285E-01 6.43352E-02
      0.112     0.150     0.146 2.56479E-01 6.41212E-02
      0.112     0.150     0.188 2.62182E-01 6.21831E-02
      0.112     0.150     0.229 2.49540E-01 6.40118E-02
      0.112     0.150     0.271 2.53301E-01 6.28680E-02
      0.112     0.150     0.312 2.35230E-01 6.47538E-02
      0.112     0.150     0.354 2.40176E-01 6.37005E-02
      0.112     0.150     0.396 2.62764E-01 6.55083E-02
      0.112     0.150     0.438 2.49531E-01 6.60575E-02
      0.112     0.150     0.479 2.58626E-01 6.32988E-02
      0.112     0.150     0.521 2.57343E-01 6.31575E-02
      0.112     0.150     0.562 2.55261E-01 6.31757E-02
      0.112     0.150     0.604 2.65262E-01 6.31029E-02
      0.112     0.150     0.646 2.54818E-01 6.18353E-02
      0.112     0.150     0.688 2.71503E-01 6.01652E-02
      0.112     0.150     0.729 2.44100E-01 6.22562E-02
      0.112     0.150     0.771 2.47998E-01 6.52661E-02
      0.112     0.150     0.812 2.22532E-01 6.44432E-02
      0.112     0.150     0.854 2.45199E-01 6.35049E-02
      0.112     0.150     0.896 2.44268E-01 6.62473E-02
      0.112     0.150     0.938 2.44168E-01 6.67255E-02
      0.112     0.150     0.979 2.37781E-01 6.43119E-02
      0.112     0.250     0.021 2.95035E-01 6.04130E-02
      0.112     0.250     0.062 2.59426E-01 6.30023E-02
      0.112     0.250     0.104 2.44762E-01 6.40072E-02
      0.112     0.250     0.146 2.29778E-01 6.52004E-02
      0.112     0.250     0.188 2.38853E-01 6.40044E-02
      0.112     0.250     0.229 2.40158E-01 6.35044E-02
      0.112     0.250     0.271 2.51311E-01 6.30038E-02
      0.112     0.250     0.312 2.54022E-01 6.48257E-02
      0.112     0.250     0.354 2.59418E-01 6.31276E-02
      0.112     0.250     0.396 2.38669E-01 6.45753E-02
      0.112     0.250     0.438 2.32691E-01 6.46377E-02
      0.112     0.250     0.479 2.61358E-01 6.16731E-02
      0.112     0.250     0.521 2.74027E-01 5.98415E-02
      0.112     0.250     0.562 2.79582E-01 6.19774E-02
      0.112     0.250     0.604 2.52341E-01 6.48564E-02
      0.112     0.250     0.646 2.83902E-01 6.18261E-02
      0.112     0.250     0.688 2.77755E-01 5.97024E-02
      0.112     0.250     0.729 2.45211E-01 6.40248E-02
      0.112     0.250     0.771 2.27734E-01 6.63418E-02
      0.112     0.250     0.812 2.46778E-01 6.42234E-02
      0.112     0.250     0.854 2.28586E-01 6.33079E-02
      0.112     0.250     0.896 2.69290E-01 6.10779E-02
      0.112     0.250     0.938 2.70265E-01 6.39506E-02
      0.112     0.250     0.979 2.71489E-01 6.08900E-02
      0.112     0.350     0.021 2.30409E-01 6.47799E-02
      0.112     0.350     0.062 2.10386E-01 6.90759E-02
      0.112     0.350     0.104 2.37713E-01 6.42006E-02
      0.112     0.350     0.146 2.36723E-01 6.63561E-02
      0.112     0.350     0.188 2.31798E-01 6.55106E-02
      0.112     0.350     0.229 2.33507E-01 6.64552E-02
      0.112     0.350     0.271 2.19620E-01 6.50633E-02
      0.112     0.350     0.312 2.55030E-01 6.36786E-02
      0.112     0.350     0.354 2.40589E-01 6.58260E-02
      0.112     0.350     0.396 2.35987E-01 6.55116E-02
      0.112     0.350     0.438 2.45390E-01 6.48507E-02
      0.112     0.350     0.479 2.40538E-01 6.71854E-02
      0.112     0.350     0.521 2.30416E-01 6.48523E-02
      0.112     0.350     0.562 2.74437E-01 6.35417E-02
      0.112     0.350     0.604 2.52082E-01 6.14383E-02
      0.112     0.350     0.646 2.69426E-01 6.30011E-02
      0.112     0.350     0.688 2.45294E-01 6.31741E-02
      0.112     0.350     0.729 2.22081E-01 6.50200E-02
      0.112     0.350     0.771 2.28729E-01 6.52703E-02
      0.112     0.350     0.812 2.08496E-01 6.79489E-02
      0.112     0.350     0.854 2.48623E-01 6.42897E-02
      0.112     0.350     0.896 2.27590E-01 6.48395E-02
      0.112     0.350     0.938 2.48258E-01 6.57480E-02
      0.112     0.350     0.979 2.53318E-01 6.39321E-02
      0.112     0.450     0.021 2.53662E-01 6.23029E-02
      0.112     0.450     0.062 2.63549E-01 6.20191E-02
      0.112     0.450     0.104 2.41420E-01 6.27035E-02
      0.112     0.450     0.146 2.42231E-01 6.54956E-02
      0.112     0.450     0.188 2.45212E-01 6.21437E-02
      0.112     0.450     0.229 2.28333E-01 6.59821E-02
      0.112     0.450     0.271 2.06578E-01 6.80203E-02
      0.112     0.450     0.312 2.37036E-01 6.76727E-02
      0.112     0.450     0.354 2.11360E-01 6.99395E-02
      0.112     0.450     0.396 2.22120E-01 6.90817E-02
      0.112     0.450     0.438 2.40825E-01 6.39074E-02
      0.112     0.450     0.479 2.47499E-01 6.29003E-02
      0.112     0.450     0.521 2.47348E-01 6.42735E-02
      0.112     0.450     0.562 2.30844E-01 6.53487E-02
      0.112     0.450     0.604 2.20071E-01 6.79393E-02
      0.112     0.450     0.646 2.41309E-01 6.44488E-02
      0.112     0.450     0.688 2.50628E-01 6.35879E-02
      0.112     0.450     0.729 2.32280E-01 6.66993E-02
      0.112     0.450     0.771 2.32101E-01 6.48044E-02
      0.112     0.450     0.812 2.18555E-01 6.79916E-02
      0.112     0.450     0.854 2.24102E-01 6.80280E-02
      0.112     0.450     0.896 2.19714E-01 6.77025E-02
      0.112     0.450     0.938 2.16270E-01 6.55967E-02
      0.112     0.450     0.979 2.47275E-01 6.34806E-02
      0.112     0.550     0.021 2.26755E-01 6.77612E-02
      0.112     0.550     0.062 2.17416E-01 6.69720E-02
      0.112     0.550     0.104 2.50799E-01 6.53383E-02
      0.112     0.550     0.146 2.20718E-01 6.73251E-02
      0.112     0.550     0.188 2.19902E-01 6.77669E-02
      0.112     0.550     0.229 2.15944E-01 6.85699E-02
      0.112     0.550     0.271 2.15692E-01 6.69686E-02
      0.112     0.550     0.312 2.23576E-01 6.55539E-02
      0.112     0.550     0.354 2.51371E-01 6.23719E-02
      0.112     0.550     0.396 2.67292E-01 6.36516E-02
      0.112     0.550     0.438 2.43862E-01 6.43197E-02
      0.112     0.550     0.479 2.41939E-01 6.58996E-02
      0.112     0.550     0.521 2.09773E-01 6.87024E-02
      0.112     0.550     0.562 2.28329E-01 6.69276E-02
      0.112     0.550     0.604 2.56210E-01 6.43004E-02
      0.112     0.550     0.646 2.31686E-01 6.45916E-02
      0.112     0.550     0.688 2.21574E-01 6.84752E-02
      0.112     0.550     0.729 2.06783E-01 6.84320E-02
      0.112     0.550     0.771 2.25194E-01 6.64923E-02
      0.112     0.550     0.812 2.13758E-01 6.74829E-02
      0.112     0.550     0.854 2.29346E-01 6.41960E-02
      0.112     0.550     0.896 1.96784E-01 6.73520E-02
      0.112     0.550     0.938 2.16223E-01 6.97161E-02
      0.112     0.550     0.979 2.29804E-01 6.92427E-02
      0.112     0.650     0.021 2.05211E-01 7.07113E-02
      0.112     0.650     0.062 2.12019E-01 6.88878E-02
      0.112     0.650     0.104 2.14947E-01 6.89543E-02
      0.112     0.650     0.146 2.23246E-01 6.91712E-02
      0.112     0.650     0.188 2.11357E-01 6.42670E-02
      0.112     0.650     0.229 2.45725E-01 6.53909E-02
      0.112     0.650     0.271 2.29675E-01 6.45751E-02
      0.112     0.650     0.312 2.26010E-01 6.70684E-02
      0.112     0.650     0.354 2.23039E-01 6.65002E-02
      0.112     0.650     0.396 2.30960E-01 6.70298E-02
      0.112     0.650     0.438 2.33075E-01 6.63096E-02
      0.112     0.650     0.479 2.41569E-01 6.76040E-02
      0.112     0.650     0.521 2.29018E-01 6.74024E-02
      0.112     0.650     0.562 2.42458E-01 6.49763E-02
      0.112     0.650     0.604 2.28118E-01 6.59145E-02
      0.112     0.650     0.646 2.22943E-01 6.74847E-02
      0.112     0.650     0.688 2.35833E-01 6.72423E-02
      0.112     0.650     0.729 2.21568E-01 6.72046E-02
      0.112     0.650     0.771 2.30891E-01 6.52275E-02
      0.112     0.650     0.812 2.31569E-01 6.52059E-02
      0.112     0.650     0.854 2.37459E-01 6.59240E-02
      0.112     0.650     0.896 2.31963E-01 6.74114E-02
      0.112     0.650     0.938 2.29554E-01 6.76983E-02
      0.112     0.650     0.979 2.08074E-01 6.97893E-02
      0.112     0.750     0.021 2.07405E-01 7.02809E-02
      0.112     0.750     0.062 2.23990E-01 6.89870E-02
      0.112     0.750     0.104 2.14140E-01 6.91603E-02
      0.112     0.750     0.146 2.24571E-01 6.88245E-02
      0.112     0.750     0.188 2.12107E-01 7.22504E-02
      0.112     0.750     0.229 2.20778E-01 6.76057E-02
      0.112     0.750     0.271 2.29414E-01 6.65412E-02
      0.112     0.750     0.312 2.18903E-01 6.87499E-02
      0.112     0.750     0.354 2.15011E-01 6.78140E-02
      0.112     0.750     0.396 2.18001E-01 6.95162E-02
      0.112     0.750     0.438 2.28032E-01 7.09706E-02
      0.112     0.750     0.479 2.10990E-01 6.85651E-02
      0.112     0.750     0.521 2.14882E-01 7.05749E-02
      0.112     0.750     0.562 2.22713E-01 6.96861E-02
      0.112     0.750     0.604 1.99398E-01 7.01814E-02
      0.112     0.750     0.646 2.22050E-01 6.86734E-02
      0.112     0.750     0.688 2.04180E-01 7.15344E-02
      0.112     0.750     0.729 2.13121E-01 7.12819E-02
      0.112     0.750     0.771 2.01284E-01 7.07359E-02
      0.112     0.750     0.812 2.07042E-01 7.16829E-02
      0.112     0.750     0.854 2.12670E-01 6.73518E-02
      0.112     0.750     0.896 2.01979E-01 7.10283E-02
      0.112     0.750     0.938 2.05656E-01 7.29804E-02
      0.112     0.750     0.979 2.01903E-01 7.17530E-02
      0.112     0.850     0.021 2.25879E-01 6.67095E-02
      0.112     0.850     0.062 2.23136E-01 6.75140E-02
      0.112     0.850     0.104 2.05773E-01 6.90958E-02
      0.112     0.850     0.146 2.08543E-01 6.85392E-02
      0.112     0.850     0.188 2.31630E-01 6.89932E-02
      0.112     0.850     0.229 1.82421E-01 7.11409E-02
      0.112     0.850     0.271 2.05782E-01 6.92377E-02
      0.112     0.850     0.312 2.20619E-01 6.67135E-02
      0.112     0.850     0.354 2.18478E-01 6.71002E-02
      0.112     0.850     0.396 2.21653E-01 6.75066E-02
      0.112     0.850     0.438 2.07176E-01 6.86810E-02
      0.112     0.850     0.479 2.10669E-01 7.07515E-02
      0.112     0.850     0.521 2.25486E-01 6.71889E-02
      0.112     0.850     0.562 2.26989E-01 6.86529E-02
      0.112     0.850     0.604 2.02365E-01 6.96493E-02
      0.112     0.850     0.646 2.03687E-01 7.11592E-02
      0.112     0.850     0.688 2.20915E-01 6.88417E-02
      0.112     0.850     0.729 2.14551E-01 7.04552E-02
      0.112     0.850     0.771 2.09405E-01 6.92395E-02
      0.112     0.850     0.812 2.03121E-01 6.78063E-02
      0.112     0.850     0.854 2.31029E-01 6.65316E-02
      0.112     0.850     0.896 2.09486E-01 6.77189E-02
      0.112     0.850     0.938 1.95512E-01 7.02373E-02
      0.112     0.850     0.979 2.10450E-01 6.92784E-02
      0.112     0.950     0.021 2.28557E-01 6.67742E-02
      0.112     0.950     0.062 2.13980E-01 6.83353E-02
      0.112     0.950     0.104 2.07297E-01 6.92654E-02
      0.112     0.950     0.146 1.99225E-01 7.01543E-02
      0.112     0.950     0.188 1.70259E-01 7.33572E-02
      0.112     0.950     0.229 1.89558E-01 7.33771E-02
      0.112     0.950     0.271 2.06573E-01 6.89503E-02
      0.112     0.950     0.312 2.22540E-01 6.58677E-02
      0.112     0.950     0.354 2.20923E-01 6.51785E-02
      0.112     0.950     0.396 2.00767E-01 6.97670E-02
      0.112     0.950     0.438 2.25848E-01 6.92990E-02
      0.112     0.950     0.479 2.03044E-01 7.00721E-02
      0.112     0.950     0.521 2.48682E-01 6.49143E-02
      0.112     0.950     0.562 2.28931E-01 6.59301E-02
      0.112     0.950     0.604 2.15540E-01 6.61580E-02
      0.112     0.950     0.646 2.12752E-01 6.43742E-02
      0.112     0.950     0.688 2.19540E-01 6.74385E-02
      0.112     0.950     0.729 2.17433E-01 6.46386E-02
      0.112     0.950     0.771 2.27584E-01 6.55299E-02
      0.112     0.950     0.812 2.02038E-01 6.76495E-02
      0.112     0.950     0.854 2.12127E-01 6.83528E-02
      0.112     0.950     0.896 2.25865E-01 6.76896E-02
      0.112     0.950     0.938 2.11351E-01 6.75451E-02
      0.112     0.950     0.979 2.22263E-01 6.84861E-02
      0.270     0.050     0.021 2.76874E-01 6.40691E-02
      0.270     0.050     0.062 2.57794E-01 6.73690E-02
      0.270     0.050     0.104 2.75547E-01 6.60648E-02
      0.270     0.050     0.146 2.77790E-01 6.51103E-02
      0.270     0.050     0.188 2.96967E-01 6.32355E-02
      0.270     0.050     0.229 2.80791E-01 6.44205E-02
      0.270     0.050     0.271 2.77291E-01 6.45552E-02
      0.270     0.050     0.312 2.82564E-01 6.36851E-02
      0.270     0.050     0.354 2.95141E-01 6.24711E-02
      0.270     0.050     0.396 3.00198E-01 6.06002E-02
      0.270     0.050     0.438 2.91711E-01 6.22471E-02
      0.270     0.050     0.479 3.06783E-01 6.19723E-02
      0.270     0.050     0.521 2.98652E-01 6.24065E-02
      0.270     0.050     0.562 2.77764E-01 6.38927E-02
      0.270     0.050     0.604 2.78545E-01 6.38440E-02
      0.270     0.050     0.646 2.97320E-01 6.28868E-02
      0.270     0.050     0.688 2.96104E-01 6.16714E-02
      0.270     0.050     0.729 2.99072E-01 6.10221E-02
      0.270     0.050     0.771 3.02871E-01 6.25635E-02
      0.270     0.050     0.812 2.42843E-01 6.79661E-02
      0.270     0.050     0.854 2.91411E-01 6.34636E-02
      0.270     0.050     0.896 2.91422E-01 6.24134E-02
      0.270     0.050     0.938 2.60884E-01 6.57008E-02
      0.270     0.050     0.979 2.95829E-01 6.37994E-02
      0.270     0.150     0.021 2.61426E-01 6.67198E-02
      0.270     0.150     0.062 2.44686E-01 6.95758E-02
      0.270     0.150     0.104 2.47610E-01 6.96575E-02
      0.270     0.150     0.146 2.60521E-01 6.58469E-02
      0.270     0.150     0.188 2.83871E-01 6.45011E-02
      0.270     0.150     0.229 2.80051E-01 6.46012E-02
      0.270     0.150     0.271 2.92124E-01 6.37868E-02
      0.270     0.150     0.312 2.82204E-01 6.45028E-02
      0.270     0.150     0.354 2.55925E-01 6.75796E-02
      0.270     0.150     0.396 2.44829E-01 6.96884E-02
      0.270     0.150     0.438 2.50250E-01 6.89563E-02
      0.270     0.150     0.479 2.33420E-01 7.04901E-02
      0.270     0.150     0.521 2.62967E-01 6.78341E-02
      0.270     0.150     0.562 2.43909E-01 6.86918E-02
      0.270     0.150     0.604 2.98653E-01 6.34843E-02
      0.270     0.150     0.646 2.67460E-01 6.63938E-02
      0.270     0.150     0.688 2.52762E-01 6.88676E-02
      0.270     0.150     0.729 2.38764E-01 7.04566E-02
      0.270     0.150     0.771 2.74591E-01 6.62006E-02
      0.270     0.150     0.812 2.50625E-01 6.82076E-02
      0.270     0.150     0.854 2.37207E-01 6.88438E-02
      0.270     0.150     0.896 2.43558E-01 6.91452E-02
      0.270     0.150     0.938 2.31553E-01 7.11873E-02
      0.270     0.150     0.979 2.43588E-01 6.84389E-02
      0.270     0.250     0.021 2.40783E-01 7.18053E-02
      0.270     0.250     0.062 2.30330E-01 7.27557E-02
      0.270     0.250     0.104 2.44390E-01 6.96021E-02
      0.270     0.250     0.146 2.70473E-01 6.60367E-02
      0.270     0.250     0.188 2.21766E-01 7.08939E-02
      0.270     0.250     0.229 2.70443E-01 6.63906E-02
      0.270     0.250     0.271 2.73622E-01 6.53943E-02
      0.270     0.250     0.312 2.54497E-01 6.71322E-02
      0.270     0.250     0.354 2.32196E-01 6.98437E-02
      0.270     0.250     0.396 2.38277E-01 7.01459E-02
      0.270     0.250     0.438 2.30099E-01 7.09764E-02
      0.270     0.250     0.479 2.61657E-01 6.81413E-02
      0.270     0.250     0.521 2.67389E-01 6.72096E-02
      0.270     0.250     0.562 2.62802E-01 6.81290E-02
      0.270     0.250     0.604 2.63473E-01 6.69725E-02
      0.270     0.250     0.646 2.62268E-01 6.59299E-02
      0.270     0.250     0.688 2.69331E-01 6.80160E-02
      0.270     0.250     0.729 2.09265E-01 7.51756E-02
      0.270     0.250     0.771 2.69539E-01 6.61377E-02
      0.270     0.250     0.812 2.36982E-01 6.91983E-02
      0.270     0.250     0.854 2.33468E-01 7.10414E-02
      0.270     0.250     0.896 2.43382E-01 6.90466E-02
      0.270     0.250     0.938 2.44249E-01 6.90303E-02
      0.270     0.250     0.979 2.63143E-01 6.76857E-02
      0.270     0.350     0.021 2.23099E-01 7.17022E-02
      0.270     0.350     0.062 2.26824E-01 7.36760E-02
      0.270     0.350     0.104 2.34303E-01 7.08136E-02
      0.270     0.350     0.146 2.35565E-01 6.98587E-02
      0.270     0.350     0.188 2.57212E-01 6.72732E-02
      0.270     0.350     0.229 2.43241E-01 6.94252E-02
      0.270     0.350     0.271 2.53756E-01 6.74427E-02
      0.270     0.350     0.312 2.59925E-01 6.83825E-02
      0.270     0.350     0.354 2.45572E-01 7.10702E-02
      0.270     0.350     0.396 2.17623E-01 7.21868E-02
      0.270     0.350     0.438 2.48224E-01 6.91002E-02
      0.270     0.350     0.479 2.62786E-01 6.74547E-02
      0.270     0.350     0.521 2.65971E-01 6.75525E-02
      0.270     0.350     0.562 2.46191E-01 6.89256E-02
      0.270     0.350     0.604 2.56261E-01 6.74881E-02
      0.270     0.350     0.646 2.53063E-01 6.83157E-02
      0.270     0.350     0.688 2.40664E-01 7.00275E-02
      0.270     0.350     0.729 2.12945E-01 7.35632E-02
      0.270     0.350     0.771 2.58535E-01 6.72459E-02
      0.270     0.350     0.812 2.26863E-01 7.13613E-02
      0.270     0.350     0.854 2.24422E-01 7.17832E-02
      0.270     0.350     0.896 2.48832E-01 6.88161E-02
      0.270     0.350     0.938 2.48656E-01 6.87904E-02
      0.270     0.350     0.979 2.24509E-01 7.30173E-02
      0.270     0.450     0.021 2.42351E-01 6.98763E-02
      0.270     0.450     0.062 2.61456E-01 6.81941E-02
      0.270     0.450     0.104 2.21661E-01 7.28846E-02
      0.270     0.450     0.146 2.42019E-01 7.01319E-02
      0.270     0.450     0.188 2.30954E-01 7.09200E-02
      0.270     0.450     0.229 2.19940E-01 7.26366E-02
      0.270     0.450     0.271 2.36232E-01 7.01736E-02
      0.270     0.450     0.312 2.17322E-01 7.23501E-02
      0.270     0.450     0.354 2.49608E-01 6.95945E-02
      0.270     0.450     0.396 2.27199E-01 7.27098E-02
      0.270     0.450     0.438 2.33925E-01 7.00683E-02
      0.270     0.450     0.479 2.62675E-01 6.90137E-02
      0.270     0.450     0.521 2.51103E-01 6.90888E-02
      0.270     0.450     0.562 2.61878E-01 6.83027E-02
      0.270     0.450     0.604 2.34633E-01 7.02704E-02
      0.270     0.450     0.646 2.40256E-01 6.94920E-02
      0.270     0.450     0.688 2.42782E-01 6.86013E-02
      0.270     0.450     0.729 2.14708E-01 7.33178E-02
      0.270     0.450     0.771 2.09669E-01 7.38797E-02
      0.270     0.450     0.812 2.47108E-01 6.96428E-02
      0.270     0.450     0.854 2.39467E-01 7.04559E-02
      0.270     0.450     0.896 2.59641E-01 6.68682E-02
      0.270     0.450     0.938 2.34465E-01 7.06648E-02
      0.270     0.450     0.979 2.58952E-01 6.80711E-02
      0.270     0.550     0.021 1.97816E-01 7.72992E-02
      0.270     0.550     0.062 2.15125E-01 7.45371E-02
      0.270     0.550     0.104 2.39447E-01 7.06384E-02
      0.270     0.550     0.146 2.22152E-01 7.23074E-02
      0.270     0.550     0.188 2.50646E-01 6.95954E-02
      0.270     0.550     0.229 2.23554E-01 7.25323E-02
      0.270     0.550     0.271 2.18379E-01 7.25807E-02
      0.270     0.550     0.312 2.11913E-01 7.43284E-02
      0.270     0.550     0.354 2.45906E-01 7.09535E-02
      0.270     0.550     0.396 2.61782E-01 6.68687E-02
      0.270     0.550     0.438 2.71592E-01 6.63227E-02
      0.270     0.550     0.479 2.44396E-01 6.98407E-02
      0.270     0.550     0.521 2.30966E-01 7.15638E-02
      0.270     0.550     0.562 2.18002E-01 7.17551E-02
      0.270     0.550     0.604 2.41716E-01 7.08703E-02
      0.270     0.550     0.646 2.09976E-01 7.43236E-02
      0.270     0.550     0.688 2.41352E-01 6.87435E-02
      0.270     0.550     0.729 2.57869E-01 6.67932E-02
      0.270     0.550     0.771 2.22793E-01 7.23168E-02
      0.270     0.550     0.812 2.34679E-01 7.10250E-02
      0.270     0.550     0.854 2.20299E-01 7.18871E-02
      0.270     0.550     0.896 2.15766E-01 7.24498E-02
      0.270     0.550     0.938 2.40724E-01 6.96779E-02
      0.270     0.550     0.979 2.34751E-01 7.06636E-02
      0.270     0.650     0.021 1.95595E-01 7.66394E-02
      0.270     0.650     0.062 2.11664E-01 7.48191E-02
      0.270     0.650     0.104 2.07802E-01 7.68280E-02
      0.270     0.650     0.146 1.86083E-01 7.85078E-02
      0.270     0.650     0.188 1.82657E-01 7.95579E-02
      0.270     0.650     0.229 2.07872E-01 7.52834E-02
      0.270     0.650     0.271 2.51475E-01 6.88077E-02
      0.270     0.650     0.312 2.20462E-01 7.19979E-02
      0.270     0.650     0.354 2.00865E-01 7.57767E-02
      0.270     0.650     0.396 2.41543E-01 7.04257E-02
      0.270     0.650     0.438 2.59451E-01 6.81771E-02
      0.270     0.650     0.479 2.44999E-01 7.02229E-02
      0.270     0.650     0.521 2.23410E-01 7.08785E-02
      0.270     0.650     0.562 2.33622E-01 6.97873E-02
      0.270     0.650     0.604 2.24895E-01 7.10852E-02
      0.270     0.650     0.646 2.49007E-01 6.83955E-02
      0.270     0.650     0.688 2.27133E-01 7.19832E-02
      0.270     0.650     0.729 2.47778E-01 6.98901E-02
      0.270     0.650     0.771 2.33827E-01 7.04318E-02
      0.270     0.650     0.812 2.17801E-01 7.29310E-02
      0.270     0.650     0.854 2.30327E-01 7.10475E-02
      0.270     0.650     0.896 2.23550E-01 7.34090E-02
      0.270     0.650     0.938 2.24004E-01 7.39924E-02
      0.270     0.650     0.979 1.93399E-01 7.69641E-02
      0.270     0.750     0.021 2.22701E-01 7.30016E-02
      0.270     0.750     0.062 2.04670E-01 7.63221E-02
      0.270     0.750     0.104 1.97545E-01 7.87501E-02
      0.270     0.750     0.146 2.04417E-01 7.66202E-02
      0.270     0.750     0.188 1.92076E-01 7.95382E-02
      0.270     0.750     0.229 2.18404E-01 7.26798E-02
      0.270     0.750     0.271 2.20242E-01 7.48835E-02
      0.270     0.750     0.312 2.03613E-01 7.62677E-02
      0.270     0.750     0.354 2.25164E-01 7.25903E-02
      0.270     0.750     0.396 2.43865E-01 7.02311E-02
      0.270     0.750     0.438 2.27680E-01 7.18602E-02
      0.270     0.750     0.479 2.32426E-01 7.27346E-02
      0.270     0.750     0.521 2.14901E-01 7.58181E-02
      0.270     0.750     0.562 2.25127E-01 7.26233E-02
      0.270     0.750     0.604 2.24533E-01 7.25487E-02
      0.270     0.750     0.646 2.14664E-01 7.40402E-02
      0.270     0.750     0.688 2.26536E-01 7.31770E-02
      0.270     0.750     0.729 2.13326E-01 7.29082E-02
      0.270     0.750     0.771 2.43169E-01 6.98818E-02
      0.270     0.750     0.812 2.52155E-01 6.71467E-02
      0.270     0.750     0.854 2.29705E-01 6.99437E-02
      0.270     0.750     0.896 2.35329E-01 7.05420E-02
      0.270     0.750     0.938 2.26850E-01 7.06157E-02
      0.270     0.750     0.979 2.15979E-01 7.47933E-02
      0.270     0.850     0.021 2.25164E-01 7.26962E-02
      0.270     0.850     0.062 2.25739E-01 7.31258E-02
      0.270     0.850     0.104 2.06845E-01 7.65751E-02
      0.270     0.850     0.146 1.76764E-01 7.90240E-02
      0.270     0.850     0.188 2.34219E-01 7.15955E-02
      0.270     0.850     0.229 1.94087E-01 7.64921E-02
      0.270     0.850     0.271 1.82786E-01 8.08612E-02
      0.270     0.850     0.312 1.88915E-01 7.93970E-02
      0.270     0.850     0.354 2.01604E-01 7.76057E-02
      0.270     0.850     0.396 2.11075E-01 7.50181E-02
      0.270     0.850     0.438 2.20036E-01 7.30869E-02
      0.270     0.850     0.479 2.15142E-01 7.63386E-02
      0.270     0.850     0.521 2.01054E-01 7.45879E-02
      0.270     0.850     0.562 2.31045E-01 7.44570E-02
      0.270     0.850     0.604 2.09104E-01 7.51370E-02
      0.270     0.850     0.646 2.20908E-01 7.39372E-02
      0.270     0.850     0.688 2.29874E-01 7.24659E-02
      0.270     0.850     0.729 2.02050E-01 7.63002E-02
      0.270     0.850     0.771 2.23529E-01 7.38767E-02
      0.270     0.850     0.812 2.10760E-01 7.40815E-02
      0.270     0.850     0.854 2.41449E-01 7.07373E-02
      0.270     0.850     0.896 2.17949E-01 7.28955E-02
      0.270     0.850     0.938 2.19171E-01 7.30260E-02
      0.270     0.850     0.979 2.01007E-01 7.64383E-02
      0.270     0.950     0.021 2.19192E-01 7.12902E-02
      0.270     0.950     0.062 2.25337E-01 7.19789E-02
      0.270     0.950     0.104 2.56136E-01 6.87959E-02
      0.270     0.950     0.146 2.22904E-01 7.29020E-02
      0.270     0.950     0.188 1.97594E-01 7.58605E-02
      0.270     0.950     0.229 2.02652E-01 7.40847E-02
      0.270     0.950     0.271 2.05253E-01 7.46272E-02
      0.270     0.950     0.312 1.81994E-01 7.84293E-02
      0.270     0.950     0.354 2.11099E-01 7.55359E-02
      0.270     0.950     0.396 2.29057E-01 7.11794E-02
      0.270     0.950     0.438 2.24006E-01 6.93344E-02
      0.270     0.950     0.479 2.25173E-01 7.32562E-02
      0.270     0.950     0.521 2.33709E-01 6.94402E-02
      0.270     0.950     0.562 2.13344E-01 7.27795E-02
      0.270     0.950     0.604 2.01667E-01 7.43279E-02
      0.270     0.950     0.646 2.25951E-01 7.15275E-02
      0.270     0.950     0.688 2.37239E-01 7.09487E-02
      0.270     0.950     0.729 2.13622E-01 7.13609E-02
      0.270     0.950     0.771 1.97167E-01 7.59664E-02
      0.270     0.950     0.812 1.91429E-01 7.64939E-02
      0.270     0.950     0.854 2.31871E-01 6.99608E-02
      0.270     0.950     0.896 2.07298E-01 7.30000E-02
      0.270     0.950     0.938 2.06979E-01 7.40391E-02
      0.270     0.950     0.979 2.29759E-01 7.14718E-02
      0.352     0.050     0.021 3.00043E-01 6.21926E-02
      0.352     0.050     0.062 2.69886E-01 6.70076E-02
      0.352     0.050     0.104 2.64389E-01 6.60485E-02
      0.352     0.050     0.146 2.97908E-01 6.31996E-02
      0.352     0.050     0.188 3.02715E-01 6.33791E-02
      0.352     0.050     0.229 3.02827E-01 6.15541E-02
      0.352     0.050     0.271 2.92646E-01 6.43435E-02
      0.352     0.050     0.312 2.68597E-01 6.53981E-02
      0.352     0.050     0.354 2.84065E-01 6.39810E-02
      0.352     0.050     0.396 2.87259E-01 6.31402E-02
      0.352     0.050     0.438 2.67505E-01 6.40399E-02
      0.352     0.050     0.479 2.76186E-01 6.35608E-02
      0.352     0.050     0.521 2.87890E-01 6.36639E-02
      0.352     0.050     0.562 2.71527E-01 6.57209E-02
      0.352     0.050     0.604 2.95247E-01 6.36550E-02
      0.352     0.050     0.646 2.69582E-01 6.46416E-02
      0.352     0.050     0.688 2.93817E-01 6.17698E-02
      0.352     0.050     0.729 2.85684E-01 6.26051E-02
      0.352     0.050     0.771 2.99587E-01 6.30766E-02
      0.352     0.050     0.812 2.80673E-01 6.54539E-02
      0.352     0.050     0.854 2.78662E-01 6.38864E-02
      0.352     0.050     0.896 2.55023E-01 6.56350E-02
      0.352     0.050     0.938 2.74529E-01 6.56551E-02
      0.352     0.050     0.979 2.76043E-01 6.47784E-02
      0.352     0.150     0.021 2.91888E-01 6.31910E-02
      0.352     0.150     0.062 2.48337E-01 6.78431E-02
      0.352     0.150     0.104 2.50258E-01 6.97777E-02
      0.352     0.150     0.146 2.41600E-01 7.01962E-02
      0.352     0.150     0.188 2.56397E-01 6.78133E-02
      0.352     0.150     0.229 2.68088E-01 6.69313E-02
      0.352     0.150     0.271 2.55873E-01 6.70457E-02
      0.352     0.150     0.312 2.63327E-01 6.61300E-02
      0.352     0.150     0.354 2.53110E-01 6.78049E-02
      0.352     0.150     0.396 2.28718E-01 7.11478E-02
      0.352     0.150     0.438 2.60482E-01 6.77521E-02
      0.352     0.150     0.479 2.35869E-01 7.00305E-02
      0.352     0.150     0.521 2.82305E-01 6.56888E-02
      0.352     0.150     0.562 2.72966E-01 6.59984E-02
      0.352     0.150     0.604 2.28785E-01 7.14863E-02
      0.352     0.150     0.646 2.58991E-01 6.68404E-02
      0.352     0.150     0.688 2.79141E-01 6.47341E-02
      0.352     0.150     0.729 2.66975E-01 6.68025E-02
      0.352     0.150     0.771 2.54308E-01 6.69268E-02
      0.352     0.150     0.812 2.44563E-01 6.94258E-02
      0.352     0.150     0.854 2.66827E-01 6.64284E-02
      0.352     0.150     0.896 2.62798E-01 6.75818E-02
      0.352     0.150     0.938 2.44744E-01 6.93376E-02
      0.352     0.150     0.979 2.95451E-01 6.43237E-02
      0.352     0.250     0.021 2.54543E-01 6.85699E-02
      0.352     0.250     0.062 2.41561E-01 7.08162E-02
      0.352     0.250     0.104 2.46801E-01 6.94142E-02
      0.352     0.250     0.146 2.47419E-01 6.76290E-02
      0.352     0.250     0.188 2.55373E-01 6.90076E-02
      0.352     0.250     0.229 2.25659E-01 7.16561E-02
      0.352     0.250     0.271 2.61710E-01 6.69952E-02
      0.352     0.250     0.312 2.70538E-01 6.57523E-02
      0.352     0.250     0.354 2.17470E-01 7.32117E-02
      0.352     0.250     0.396 2.21051E-01 7.29552E-02
      0.352     0.250     0.438 2.64691E-01 6.91371E-02
      0.352     0.250     0.479 2.51587E-01 6.96643E-02
      0.352     0.250     0.521 2.33083E-01 7.04922E-02
      0.352     0.250     0.562 2.59808E-01 6.74364E-02
      0.352     0.250     0.604 2.58213E-01 6.79847E-02
      0.352     0.250     0.646 3.05500E-01 6.15200E-02
      0.352     0.250     0.688 2.67930E-01 6.59402E-02
      0.352     0.250     0.729 2.55583E-01 6.74799E-02
      0.352     0.250     0.771 2.25390E-01 7.08943E-02
      0.352     0.250     0.812 2.32119E-01 7.09986E-02
      0.352     0.250     0.854 2.31424E-01 7.15974E-02
      0.352     0.250     0.896 2.44602E-01 6.96769E-02
      0.352     0.250     0.938 2.57489E-01 6.83006E-02
      0.352     0.250     0.979 2.60891E-01 6.77890E-02
      0.352     0.350     0.021 2.34562E-01 7.04391E-02
      0.352     0.350     0.062 2.13086E-01 7.32227E-02
      0.352     0.350     0.104 2.29171E-01 7.22210E-02
      0.352     0.350     0.146 2.57230E-01 6.71970E-02
      0.352     0.350     0.188 2.55341E-01 6.76197E-02
      0.352     0.350     0.229 2.80634E-01 6.49834E-02
      0.352     0.350     0.271 2.45240E-01 6.89859E-02
      0.352     0.350     0.312 2.60130E-01 6.73171E-02
      0.352     0.350     0.354 2.28827E-01 7.27149E-02
      0.352     0.350     0.396 2.10811E-01 7.28719E-02
      0.352     0.350     0.438 2.47725E-01 7.01585E-02
      0.352     0.350     0.479 2.34247E-01 7.11939E-02
      0.352     0.350     0.521 2.61385E-01 6.82524E-02
      0.352     0.350     0.562 2.50341E-01 6.81931E-02
      0.352     0.350     0.604 2.57905E-01 6.78491E-02
      0.352     0.350     0.646 2.77413E-01 6.51641E-02
      0.352     0.350     0.688 2.57547E-01 6.78559E-02
      0.352     0.350     0.729 2.37446E-01 7.03111E-02
      0.352     0.350     0.771 2.67698E-01 6.67889E-02
      0.352     0.350     0.812 2.56860E-01 6.69993E-02
      0.352     0.350     0.854 2.30447E-01 6.99830E-02
      0.352     0.350     0.896 2.14604E-01 7.58511E-02
      0.352     0.350     0.938 2.29983E-01 7.24609E-02
      0.352     0.350     0.979 2.47731E-01 6.99839E-02
      0.352     0.450     0.021 2.34636E-01 7.09861E-02
      0.352     0.450     0.062 2.28283E-01 7.09164E-02
      0.352     0.450     0.104 2.05899E-01 7.45921E-02
      0.352     0.450     0.146 2.28039E-01 7.21258E-02
      0.352     0.450     0.188 2.35143E-01 7.14299E-02
      0.352     0.450     0.229 2.67523E-01 6.63070E-02
      0.352     0.450     0.271 2.45343E-01 6.88874E-02
      0.352     0.450     0.312 2.50141E-01 6.91592E-02
      0.352     0.450     0.354 2.01041E-01 7.41899E-02
      0.352     0.450     0.396 2.65974E-01 6.68156E-02
      0.352     0.450     0.438 2.65023E-01 6.66867E-02
      0.352     0.450     0.479 2.26271E-01 7.16893E-02
      0.352     0.450     0.521 2.40483E-01 6.95124E-02
      0.352     0.450     0.562 2.42598E-01 7.05442E-02
      0.352     0.450     0.604 2.27195E-01 7.35194E-02
      0.352     0.450     0.646 2.51797E-01 6.89172E-02
      0.352     0.450     0.688 2.25934E-01 7.13008E-02
      0.352     0.450     0.729 2.38518E-01 6.99309E-02
      0.352     0.450     0.771 2.65702E-01 6.70439E-02
      0.352     0.450     0.812 2.50007E-01 6.77807E-02
      0.352     0.450     0.854 2.27385E-01 7.23442E-02
      0.352     0.450     0.896 2.37630E-01 7.10481E-02
      0.352     0.450     0.938 2.38469E-01 7.05930E-02
      0.352     0.450     0.979 2.48639E-01 6.90502E-02
      0.352     0.550     0.021 2.49477E-01 6.80984E-02
      0.352     0.550     0.062 2.30245E-01 7.05553E-02
      0.352     0.550     0.104 2.24623E-01 7.34672E-02
      0.352     0.550     0.146 2.08880E-01 7.61603E-02
      0.352     0.550     0.188 2.27288E-01 7.16272E-02
      0.352     0.550     0.229 2.37500E-01 6.98776E-02
      0.352     0.550     0.271 2.28545E-01 7.17218E-02
      0.352     0.550     0.312 2.42046E-01 6.90912E-02
      0.352     0.550     0.354 2.48758E-01 6.88545E-02
      0.352     0.550     0.396 2.19092E-01 7.22807E-02
      0.352     0.550     0.438 2.61410E-01 6.73020E-02
      0.352     0.550     0.479 2.30722E-01 7.10102E-02
      0.352     0.550     0.521 2.01178E-01 7.45553E-02
      0.352     0.550     0.562 2.19979E-01 7.50569E-02
      0.352     0.550     0.604 2.19739E-01 7.32125E-02
      0.352     0.550     0.646 2.02383E-01 7.62427E-02
      0.352     0.550     0.688 2.09790E-01 7.43194E-02
      0.352     0.550     0.729 2.41242E-01 6.87520E-02
      0.352     0.550     0.771 2.14845E-01 7.38799E-02
      0.352     0.550     0.812 2.35104E-01 7.01116E-02
      0.352     0.550     0.854 2.28189E-01 7.15011E-02
      0.352     0.550     0.896 2.20593E-01 7.35536E-02
      0.352     0.550     0.938 2.44641E-01 6.92979E-02
      0.352     0.550     0.979 2.69983E-01 6.55749E-02
      0.352     0.650     0.021 2.57535E-01 6.94602E-02
      0.352     0.650     0.062 2.32126E-01 7.10265E-02
      0.352     0.650     0.104 2.25919E-01 7.24464E-02
      0.352     0.650     0.146 2.05123E-01 7.48746E-02
      0.352     0.650     0.188 2.24219E-01 7.43092E-02
      0.352     0.650     0.229 2.05607E-01 7.53745E-02
      0.352     0.650     0.271 2.05085E-01 7.37691E-02
      0.352     0.650     0.312 2.26303E-01 7.25917E-02
      0.352     0.650     0.354 2.43245E-01 7.03469E-02
      0.352     0.650     0.396 2.20912E-01 7.25355E-02
      0.352     0.650     0.438 2.34400E-01 7.09703E-02
      0.352     0.650     0.479 2.18346E-01 7.35965E-02
      0.352     0.650     0.521 2.11722E-01 7.49523E-02
      0.352     0.650     0.562 2.04205E-01 7.40609E-02
      0.352     0.650     0.604 2.20483E-01 7.33568E-02
      0.352     0.650     0.646 2.25760E-01 7.39773E-02
      0.352     0.650     0.688 2.07679E-01 7.44647E-02
      0.352     0.650     0.729 2.48324E-01 6.85828E-02
      0.352     0.650     0.771 2.43568E-01 6.96202E-02
      0.352     0.650     0.812 2.20373E-01 7.29246E-02
      0.352     0.650     0.854 2.28562E-01 7.12750E-02
      0.352     0.650     0.896 2.02534E-01 7.57421E-02
      0.352     0.650     0.938 2.34182E-01 7.13919E-02
      0.352     0.650     0.979 2.11572E-01 7.30432E-02
      0.352     0.750     0.021 2.02360E-01 7.63868E-02
      0.352     0.750     0.062 2.06263E-01 7.61119E-02
      0.352     0.750     0.104 2.05651E-01 7.43226E-02
      0.352     0.750     0.146 2.18085E-01 7.20749E-02
      0.352     0.750     0.188 2.27967E-01 7.40346E-02
      0.352     0.750     0.229 2.30540E-01 7.17997E-02
      0.352     0.750     0.271 2.23537E-01 7.36297E-02
      0.352     0.750     0.312 1.98350E-01 7.62809E-02
      0.352     0.750     0.354 2.12597E-01 7.41267E-02
      0.352     0.750     0.396 2.17493E-01 7.30801E-02
      0.352     0.750     0.438 2.13150E-01 7.51578E-02
      0.352     0.750     0.479 2.34056E-01 7.06612E-02
      0.352     0.750     0.521 1.96397E-01 7.56454E-02
      0.352     0.750     0.562 2.19898E-01 7.35103E-02
      0.352     0.750     0.604 1.93706E-01 7.69897E-02
      0.352     0.750     0.646 1.90749E-01 7.60519E-02
      0.352     0.750     0.688 2.35804E-01 7.13142E-02
      0.352     0.750     0.729 2.53780E-01 6.80567E-02
      0.352     0.750     0.771 2.41005E-01 7.02476E-02
      0.352     0.750     0.812 2.26671E-01 7.28215E-02
      0.352     0.750     0.854 2.45008E-01 7.00527E-02
      0.352     0.750     0.896 2.19720E-01 7.40431E-02
      0.352     0.750     0.938 2.22029E-01 7.19208E-02
      0.352     0.750     0.979 2.06070E-01 7.36569E-02
      0.352     0.850     0.021 2.34381E-01 7.07822E-02
      0.352     0.850     0.062 1.88268E-01 7.78385E-02
      0.352     0.850     0.104 2.05528E-01 7.46608E-02
      0.352     0.850     0.146 2.27662E-01 7.33810E-02
      0.352     0.850     0.188 2.27846E-01 7.25447E-02
      0.352     0.850     0.229 2.12737E-01 7.43546E-02
      0.352     0.850     0.271 2.11196E-01 7.39957E-02
      0.352     0.850     0.312 2.08607E-01 7.53978E-02
      0.352     0.850     0.354 2.14538E-01 7.27865E-02
      0.352     0.850     0.396 1.98308E-01 7.47875E-02
      0.352     0.850     0.438 2.11328E-01 7.39763E-02
      0.352     0.850     0.479 2.20195E-01 7.29812E-02
      0.352     0.850     0.521 2.22275E-01 7.04667E-02
      0.352     0.850     0.562 2.36883E-01 7.21206E-02
      0.352     0.850     0.604 2.15875E-01 7.44121E-02
      0.352     0.850     0.646 1.95893E-01 7.60233E-02
      0.352     0.850     0.688 2.40940E-01 7.16872E-02
      0.352     0.850     0.729 2.06478E-01 7.50658E-02
      0.352     0.850     0.771 1.85354E-01 7.94305E-02
      0.352     0.850     0.812 2.16049E-01 7.40011E-02
      0.352     0.850     0.854 2.02528E-01 7.72450E-02
      0.352     0.850     0.896 2.01097E-01 7.61003E-02
      0.352     0.850     0.938 2.37379E-01 7.23230E-02
      0.352     0.850     0.979 2.01496E-01 7.58716E-02
      0.352     0.950     0.021 2.08123E-01 7.23874E-02
      0.352     0.950     0.062 2.17583E-01 7.33323E-02
      0.352     0.950     0.104 2.22020E-01 7.18705E-02
      0.352     0.950     0.146 1.99074E-01 7.53214E-02
      0.352     0.950     0.188 2.14901E-01 7.39721E-02
      0.352     0.950     0.229 2.06354E-01 7.52214E-02
      0.352     0.950     0.271 2.24952E-01 7.18487E-02
      0.352     0.950     0.312 1.92414E-01 7.60387E-02
      0.352     0.950     0.354 2.26790E-01 7.35488E-02
      0.352     0.950     0.396 1.98147E-01 7.64941E-02
      0.352     0.950     0.438 2.36628E-01 7.03301E-02
      0.352     0.950     0.479 1.99064E-01 7.59949E-02
      0.352     0.950     0.521 2.00517E-01 7.49207E-02
      0.352     0.950     0.562 1.91003E-01 7.94550E-02
      0.352     0.950     0.604 2.15548E-01 7.46330E-02
      0.352     0.950     0.646 2.27388E-01 7.13933E-02
      0.352     0.950     0.688 2.29651E-01 7.05624E-02
      0.352     0.950     0.729 2.02558E-01 7.62871E-02
      0.352     0.950     0.771 1.90443E-01 7.67344E-02
      0.352     0.950     0.812 2.16869E-01 7.33354E-02
      0.352     0.950     0.854 2.19273E-01 7.30809E-02
      0.352     0.950     0.896 2.20459E-01 7.34570E-02
      0.352     0.950     0.938 2.39571E-01 6.94212E-02
      0.352     0.950     0.979 2.35382E-01 7.10680E-02
      0.417     0.050     0.021 2.79113E-01 6.30519E-02
      0.417     0.050     0.062 2.64837E-01 6.58728E-02
      0.417     0.050     0.104 2.42299E-01 6.74722E-02
      0.417     0.050     0.146 2.67035E-01 6.56867E-02
      0.417     0.050     0.188 2.64588E-01 6.49803E-02
      0.417     0.050     0.229 2.73705E-01 6.29105E-02
      0.417     0.050     0.271 2.81037E-01 6.42711E-02
      0.417     0.050     0.312 2.80059E-01 6.42537E-02
      0.417     0.050     0.354 2.68730E-01 6.43203E-02
      0.417     0.050     0.396 2.61289E-01 6.47271E-02
      0.417     0.050     0.438 2.58245E-01 6.62503E-02
      0.417     0.050     0.479 2.68134E-01 6.47372E-02
      0.417     0.050     0.521 3.05029E-01 6.15785E-02
      0.417     0.050     0.562 3.05743E-01 6.20995E-02
      0.417     0.050     0.604 2.96221E-01 6.26896E-02
      0.417     0.050     0.646 2.60447E-01 6.56173E-02
      0.417     0.050     0.688 2.90414E-01 6.15234E-02
      0.417     0.050     0.729 2.70311E-01 6.57753E-02
      0.417     0.050     0.771 2.50978E-01 6.50901E-02
      0.417     0.050     0.812 2.83077E-01 6.30542E-02
      0.417     0.050     0.854 2.95375E-01 6.29059E-02
      0.417     0.050     0.896 2.86017E-01 6.29056E-02
      0.417     0.050     0.938 2.65066E-01 6.60192E-02
      0.417     0.050     0.979 2.76836E-01 6.50597E-02
      0.417     0.150     0.021 2.65526E-01 6.71101E-02
      0.417     0.150     0.062 2.69922E-01 6.42663E-02
      0.417     0.150     0.104 2.63988E-01 6.67593E-02
      0.417     0.150     0.146 2.38076E-01 6.85358E-02
      0.417     0.150     0.188 2.83222E-01 6.49163E-02
      0.417     0.150     0.229 2.65697E-01 6.55354E-02
      0.417     0.150     0.271 2.58615E-01 6.58018E-02
      0.417     0.150     0.312 2.58142E-01 6.60236E-02
      0.417     0.150     0.354 2.77120E-01 6.49808E-02
      0.417     0.150     0.396 2.46526E-01 6.78936E-02
      0.417     0.150     0.438 2.60381E-01 6.69783E-02
      0.417     0.150     0.479 2.40137E-01 6.78115E-02
      0.417     0.150     0.521 2.53369E-01 6.73313E-02
      0.417     0.150     0.562 2.68225E-01 6.49592E-02
      0.417     0.150     0.604 2.35340E-01 6.93117E-02
      0.417     0.150     0.646 2.38008E-01 6.93934E-02
      0.417     0.150     0.688 2.46954E-01 6.67587E-02
      0.417     0.150     0.729 2.70852E-01 6.57949E-02
      0.417     0.150     0.771 2.63071E-01 6.69661E-02
      0.417     0.150     0.812 2.84552E-01 6.42754E-02
      0.417     0.150     0.854 2.63819E-01 6.60424E-02
      0.417     0.150     0.896 2.38400E-01 7.08096E-02
      0.417     0.150     0.938 2.61517E-01 6.82990E-02
      0.417     0.150     0.979 2.65342E-01 6.70371E-02
      0.417     0.250     0.021 2.48450E-01 6.84651E-02
      0.417     0.250     0.062 2.52723E-01 6.91204E-02
      0.417     0.250     0.104 2.29872E-01 6.88996E-02
      0.417     0.250     0.146 2.46132E-01 6.87976E-02
      0.417     0.250     0.188 2.54092E-01 6.74934E-02
      0.417     0.250     0.229 2.54966E-01 6.81025E-02
      0.417     0.250     0.271 2.43849E-01 6.83311E-02
      0.417     0.250     0.312 2.40038E-01 6.96880E-02
      0.417     0.250     0.354 2.42762E-01 6.90535E-02
      0.417     0.250     0.396 2.28588E-01 6.93045E-02
      0.417     0.250     0.438 2.54238E-01 6.71542E-02
      0.417     0.250     0.479 2.48985E-01 6.72130E-02
      0.417     0.250     0.521 2.48141E-01 6.87138E-02
      0.417     0.250     0.562 2.47777E-01 6.78780E-02
      0.417     0.250     0.604 2.56429E-01 6.56961E-02
      0.417     0.250     0.646 2.68770E-01 6.55000E-02
      0.417     0.250     0.688 2.85931E-01 6.39180E-02
      0.417     0.250     0.729 2.88228E-01 6.42604E-02
      0.417     0.250     0.771 2.31191E-01 6.91002E-02
      0.417     0.250     0.812 2.51511E-01 6.87807E-02
      0.417     0.250     0.854 2.23667E-01 7.21194E-02
      0.417     0.250     0.896 2.20673E-01 7.05289E-02
      0.417     0.250     0.938 2.50555E-01 6.77779E-02
      0.417     0.250     0.979 2.54940E-01 6.75118E-02
      0.417     0.350     0.021 2.45974E-01 6.87832E-02
      0.417     0.350     0.062 2.50269E-01 6.88447E-02
      0.417     0.350     0.104 2.38739E-01 6.97519E-02
      0.417     0.350     0.146 2.48857E-01 6.76862E-02
      0.417     0.350     0.188 2.46365E-01 6.90433E-02
      0.417     0.350     0.229 2.31070E-01 6.83855E-02
      0.417     0.350     0.271 2.29697E-01 7.01392E-02
      0.417     0.350     0.312 2.28069E-01 7.00680E-02
      0.417     0.350     0.354 2.30490E-01 7.20099E-02
      0.417     0.350     0.396 2.06045E-01 7.26324E-02
      0.417     0.350     0.438 2.39353E-01 6.82562E-02
      0.417     0.350     0.479 2.22321E-01 7.20698E-02
      0.417     0.350     0.521 2.55907E-01 6.70061E-02
      0.417     0.350     0.562 2.53582E-01 6.67724E-02
      0.417     0.350     0.604 2.65290E-01 6.54270E-02
      0.417     0.350     0.646 2.49002E-01 6.88605E-02
      0.417     0.350     0.688 2.53603E-01 6.78572E-02
      0.417     0.350     0.729 2.65464E-01 6.73971E-02
      0.417     0.350     0.771 2.29301E-01 7.17362E-02
      0.417     0.350     0.812 2.40261E-01 6.80786E-02
      0.417     0.350     0.854 2.36871E-01 6.97579E-02
      0.417     0.350     0.896 2.25679E-01 7.32617E-02
      0.417     0.350     0.938 2.23945E-01 7.13074E-02
      0.417     0.350     0.979 2.21809E-01 7.20089E-02
      0.417     0.450     0.021 2.38532E-01 6.96544E-02
      0.417     0.450     0.062 2.25297E-01 7.10931E-02
      0.417     0.450     0.104 2.35962E-01 6.99911E-02
      0.417     0.450     0.146 2.29446E-01 7.13523E-02
      0.417     0.450     0.188 2.22096E-01 7.15025E-02
      0.417     0.450     0.229 2.30802E-01 6.95179E-02
      0.417     0.450     0.271 2.35764E-01 7.11358E-02
      0.417     0.450     0.312 2.32729E-01 7.05377E-02
      0.417     0.450     0.354 2.16831E-01 7.30154E-02
      0.417     0.450     0.396 2.38617E-01 7.07896E-02
      0.417     0.450     0.438 2.45309E-01 7.10324E-02
      0.417     0.450     0.479 2.30951E-01 7.05100E-02
      0.417     0.450     0.521 2.47066E-01 7.06139E-02
      0.417     0.450     0.562 2.37774E-01 6.80192E-02
      0.417     0.450     0.604 2.20041E-01 7.12984E-02
      0.417     0.450     0.646 2.32902E-01 7.11692E-02
      0.417     0.450     0.688 2.39401E-01 7.01126E-02
      0.417     0.450     0.729 2.60138E-01 6.69404E-02
      0.417     0.450     0.771 2.25368E-01 7.11535E-02
      0.417     0.450     0.812 2.40501E-01 6.96273E-02
      0.417     0.450     0.854 2.46659E-01 6.85239E-02
      0.417     0.450     0.896 2.48421E-01 6.94870E-02
      0.417     0.450     0.938 2.01494E-01 7.33528E-02
      0.417     0.450     0.979 2.38634E-01 7.08669E-02
      0.417     0.550     0.021 2.27837E-01 7.22079E-02
      0.417     0.550     0.062 2.20651E-01 7.20266E-02
      0.417     0.550     0.104 2.16546E-01 7.18656E-02
      0.417     0.550     0.146 2.20945E-01 7.29369E-02
      0.417     0.550     0.188 2.32296E-01 7.03290E-02
      0.417     0.550     0.229 2.33735E-01 6.99843E-02
      0.417     0.550     0.271 2.13075E-01 7.31062E-02
      0.417     0.550     0.312 2.26044E-01 6.92625E-02
      0.417     0.550     0.354 2.53030E-01 6.94671E-02
      0.417     0.550     0.396 2.09452E-01 7.19191E-02
      0.417     0.550     0.438 2.24247E-01 7.03107E-02
      0.417     0.550     0.479 2.27939E-01 7.04535E-02
      0.417     0.550     0.521 2.22949E-01 7.08448E-02
      0.417     0.550     0.562 2.03866E-01 7.49206E-02
      0.417     0.550     0.604 2.58325E-01 6.69916E-02
      0.417     0.550     0.646 2.06484E-01 7.34316E-02
      0.417     0.550     0.688 2.39471E-01 7.14897E-02
      0.417     0.550     0.729 2.55277E-01 6.74736E-02
      0.417     0.550     0.771 2.13746E-01 7.43976E-02
      0.417     0.550     0.812 2.29760E-01 7.07176E-02
      0.417     0.550     0.854 2.08334E-01 7.35480E-02
      0.417     0.550     0.896 2.35163E-01 7.12358E-02
      0.417     0.550     0.938 2.35135E-01 6.94808E-02
      0.417     0.550     0.979 2.43598E-01 6.95280E-02
      0.417     0.650     0.021 2.37875E-01 7.03671E-02
      0.417     0.650     0.062 2.13559E-01 7.33051E-02
      0.417     0.650     0.104 2.17364E-01 7.27121E-02
      0.417     0.650     0.146 2.02590E-01 7.45107E-02
      0.417     0.650     0.188 2.13207E-01 7.41537E-02
      0.417     0.650     0.229 2.41006E-01 7.05152E-02
      0.417     0.650     0.271 2.39324E-01 7.08736E-02
      0.417     0.650     0.312 2.21043E-01 7.17456E-02
      0.417     0.650     0.354 2.54113E-01 7.03037E-02
      0.417     0.650     0.396 2.52231E-01 6.78122E-02
      0.417     0.650     0.438 2.00809E-01 7.22651E-02
      0.417     0.650     0.479 2.18886E-01 7.28639E-02
      0.417     0.650     0.521 2.32996E-01 7.04464E-02
      0.417     0.650     0.562 2.17945E-01 7.31583E-02
      0.417     0.650     0.604 2.25283E-01 7.11997E-02
      0.417     0.650     0.646 2.26064E-01 7.08565E-02
      0.417     0.650     0.688 1.97213E-01 7.51837E-02
      0.417     0.650     0.729 2.33670E-01 7.12086E-02
      0.417     0.650     0.771 2.10920E-01 7.43070E-02
      0.417     0.650     0.812 2.39793E-01 7.19441E-02
      0.417     0.650     0.854 2.54287E-01 6.80453E-02
      0.417     0.650     0.896 2.40813E-01 7.03149E-02
      0.417     0.650     0.938 2.04811E-01 7.13759E-02
      0.417     0.650     0.979 2.28896E-01 7.06770E-02
      0.417     0.750     0.021 2.09102E-01 7.42920E-02
      0.417     0.750     0.062 2.12909E-01 7.41239E-02
      0.417     0.750     0.104 2.31467E-01 7.15734E-02
      0.417     0.750     0.146 2.35474E-01 7.00040E-02
      0.417     0.750     0.188 2.18450E-01 7.34663E-02
      0.417     0.750     0.229 2.01345E-01 7.39777E-02
      0.417     0.750     0.271 2.27853E-01 7.10652E-02
      0.417     0.750     0.312 2.24274E-01 7.36037E-02
      0.417     0.750     0.354 2.29992E-01 7.13936E-02
      0.417     0.750     0.396 2.04990E-01 7.36186E-02
      0.417     0.750     0.438 2.33095E-01 7.16209E-02
      0.417     0.750     0.479 2.15561E-01 7.16522E-02
      0.417     0.750     0.521 2.32693E-01 7.06257E-02
      0.417     0.750     0.562 2.39986E-01 7.18715E-02
      0.417     0.750     0.604 2.21165E-01 7.29523E-02
      0.417     0.750     0.646 2.11735E-01 7.25223E-02
      0.417     0.750     0.688 2.22138E-01 7.33620E-02
      0.417     0.750     0.729 2.38644E-01 6.95123E-02
      0.417     0.750     0.771 2.12451E-01 7.36738E-02
      0.417     0.750     0.812 2.12907E-01 7.36702E-02
      0.417     0.750     0.854 2.24543E-01 7.31853E-02
      0.417     0.750     0.896 2.11558E-01 7.35973E-02
      0.417     0.750     0.938 2.21092E-01 7.22901E-02
      0.417     0.750     0.979 2.55242E-01 6.81657E-02
      0.417     0.850     0.021 2.13956E-01 7.32746E-02
      0.417     0.850     0.062 2.08606E-01 7.47045E-02
      0.417     0.850     0.104 1.99361E-01 7.55503E-02
      0.417     0.850     0.146 2.13464E-01 7.45397E-02
      0.417     0.850     0.188 1.90716E-01 7.67599E-02
      0.417     0.850     0.229 2.19616E-01 7.13140E-02
      0.417     0.850     0.271 2.15139E-01 7.45256E-02
      0.417     0.850     0.312 2.09577E-01 7.35966E-02
      0.417     0.850     0.354 1.95783E-01 7.61811E-02
      0.417     0.850     0.396 2.19106E-01 7.26162E-02
      0.417     0.850     0.438 2.13421E-01 7.32935E-02
      0.417     0.850     0.479 1.97085E-01 7.63813E-02
      0.417     0.850     0.521 2.24691E-01 7.18590E-02
      0.417     0.850     0.562 1.83314E-01 7.82589E-02
      0.417     0.850     0.604 2.07624E-01 7.61975E-02
      0.417     0.850     0.646 1.91950E-01 7.71667E-02
      0.417     0.850     0.688 2.17363E-01 7.26695E-02
      0.417     0.850     0.729 2.37134E-01 7.09849E-02
      0.417     0.850     0.771 1.92860E-01 7.84758E-02
      0.417     0.850     0.812 2.24391E-01 7.12285E-02
      0.417     0.850     0.854 2.39600E-01 7.14304E-02
      0.417     0.850     0.896 2.03933E-01 7.60908E-02
      0.417     0.850     0.938 2.31293E-01 7.06839E-02
      0.417     0.850     0.979 2.24018E-01 7.21075E-02
      0.417     0.950     0.021 2.28690E-01 7.04473E-02
      0.417     0.950     0.062 2.23991E-01 7.06279E-02
      0.417     0.950     0.104 1.90686E-01 7.68092E-02
      0.417     0.950     0.146 1.95120E-01 7.54482E-02
      0.417     0.950     0.188 2.16389E-01 7.25938E-02
      0.417     0.950     0.229 2.28369E-01 7.01699E-02
      0.417     0.950     0.271 1.97742E-01 7.41144E-02
      0.417     0.950     0.312 1.81097E-01 7.94519E-02
      0.417     0.950     0.354 2.01485E-01 7.50084E-02
      0.417     0.950     0.396 2.22579E-01 7.09983E-02
      0.417     0.950     0.438 2.06415E-01 7.30661E-02
      0.417     0.950     0.479 2.01689E-01 7.37968E-02
      0.417     0.950     0.521 1.96534E-01 7.39563E-02
      0.417     0.950     0.562 1.98609E-01 7.59608E-02
      0.417     0.950     0.604 2.12998E-01 7.20333E-02
      0.417     0.950     0.646 2.11836E-01 7.18500E-02
      0.417     0.950     0.688 2.21097E-01 7.17131E-02
      0.417     0.950     0.729 2.16585E-01 7.30701E-02
      0.417     0.950     0.771 2.16016E-01 7.27292E-02
      0.417     0.950     0.812 2.18829E-01 7.06297E-02
      0.417     0.950     0.854 2.39404E-01 6.92573E-02
      0.417     0.950     0.896 2.04910E-01 7.38803E-02
      0.417     0.950     0.938 2.41072E-01 7.03206E-02
      0.417     0.950     0.979 2.00595E-01 7.30713E-02
      0.474     0.050     0.021 3.09826E-01 5.95997E-02
      0.474     0.050     0.062 3.15958E-01 5.87671E-02
      0.474     0.050     0.104 2.90162E-01 6.08248E-02
      0.474     0.050     0.146 2.90543E-01 5.90563E-02
      0.474     0.050     0.188 3.15184E-01 5.81312E-02
      0.474     0.050     0.229 3.18646E-01 5.80716E-02
      0.474     0.050     0.271 3.19513E-01 5.76544E-02
      0.474     0.050     0.312 3.03454E-01 5.88081E-02
      0.474     0.050     0.354 3.19791E-01 5.73203E-02
      0.474     0.050     0.396 3.05883E-01 5.76006E-02
      0.474     0.050     0.438 2.72351E-01 6.16838E-02
      0.474     0.050     0.479 3.33827E-01 5.68306E-02
      0.474     0.050     0.521 3.20176E-01 5.74326E-02
      0.474     0.050     0.562 3.42222E-01 5.49045E-02
      0.474     0.050     0.604 3.33074E-01 5.65322E-02
      0.474     0.050     0.646 2.89862E-01 6.08043E-02
      0.474     0.050     0.688 3.30514E-01 5.65944E-02
      0.474     0.050     0.729 2.99871E-01 5.94147E-02
      0.474     0.050     0.771 3.22127E-01 5.85096E-02
      0.474     0.050     0.812 3.24772E-01 5.81465E-02
      0.474     0.050     0.854 3.27169E-01 5.66632E-02
      0.474     0.050     0.896 3.20502E-01 5.71033E-02
      0.474     0.050     0.938 2.74928E-01 6.03636E-02
      0.474     0.050     0.979 3.12843E-01 5.80243E-02
      0.474     0.150     0.021 2.97394E-01 5.96371E-02
      0.474     0.150     0.062 2.90971E-01 6.00180E-02
      0.474     0.150     0.104 2.85960E-01 6.05553E-02
      0.474     0.150     0.146 2.92652E-01 6.06084E-02
      0.474     0.150     0.188 2.88326E-01 5.98180E-02
      0.474     0.150     0.229 2.87442E-01 5.94042E-02
      0.474     0.150     0.271 2.82469E-01 6.19722E-02
      0.474     0.150     0.312 3.05692E-01 5.79364E-02
      0.474     0.150     0.354 3.21266E-01 5.73570E-02
      0.474     0.150     0.396 2.85693E-01 6.15779E-02
      0.474     0.150     0.438 2.89362E-01 5.90710E-02
      0.474     0.150     0.479 2.83024E-01 6.12520E-02
      0.474     0.150     0.521 2.75019E-01 6.18374E-02
      0.474     0.150     0.562 3.21671E-01 5.86200E-02
      0.474     0.150     0.604 2.63061E-01 6.20134E-02
      0.474     0.150     0.646 2.88927E-01 6.10196E-02
      0.474     0.150     0.688 3.14882E-01 5.85825E-02
      0.474     0.150     0.729 2.78250E-01 6.06185E-02
      0.474     0.150     0.771 3.07049E-01 5.92370E-02
      0.474     0.150     0.812 3.01082E-01 5.77889E-02
      0.474     0.150     0.854 2.64055E-01 6.25706E-02
      0.474     0.150     0.896 2.73240E-01 6.06895E-02
      0.474     0.150     0.938 2.79113E-01 5.99537E-02
      0.474     0.150     0.979 2.71891E-01 6.36292E-02
      0.474     0.250     0.021 3.03182E-01 6.05194E-02
      0.474     0.250     0.062 2.77738E-01 6.12852E-02
      0.474     0.250     0.104 2.74215E-01 6.26038E-02
      0.474     0.250     0.146 2.50107E-01 6.47042E-02
      0.474     0.250     0.188 2.71879E-01 6.11255E-02
      0.474     0.250     0.229 2.80156E-01 6.28046E-02
      0.474     0.250     0.271 2.96746E-01 5.96068E-02
      0.474     0.250     0.312 2.78787E-01 6.12284E-02
      0.474     0.250     0.354 2.71316E-01 6.28830E-02
      0.474     0.250     0.396 2.76612E-01 6.21686E-02
      0.474     0.250     0.438 2.57803E-01 6.35973E-02
      0.474     0.250     0.479 2.64615E-01 6.21865E-02
      0.474     0.250     0.521 2.88191E-01 6.23197E-02
      0.474     0.250     0.562 2.83574E-01 6.23573E-02
      0.474     0.250     0.604 2.93705E-01 5.98376E-02
      0.474     0.250     0.646 2.94993E-01 6.02020E-02
      0.474     0.250     0.688 3.02884E-01 6.03703E-02
      0.474     0.250     0.729 2.79667E-01 6.29214E-02
      0.474     0.250     0.771 3.02510E-01 5.95781E-02
      0.474     0.250     0.812 2.75261E-01 6.20317E-02
      0.474     0.250     0.854 2.57738E-01 6.57547E-02
      0.474     0.250     0.896 2.87550E-01 6.10328E-02
      0.474     0.250     0.938 2.84169E-01 6.32110E-02
      0.474     0.250     0.979 2.44115E-01 6.40325E-02
      0.474     0.350     0.021 2.62585E-01 6.21202E-02
      0.474     0.350     0.062 2.80563E-01 6.16415E-02
      0.474     0.350     0.104 2.77571E-01 6.21550E-02
      0.474     0.350     0.146 2.63572E-01 6.36053E-02
      0.474     0.350     0.188 2.51282E-01 6.39599E-02
      0.474     0.350     0.229 2.87284E-01 6.14787E-02
      0.474     0.350     0.271 2.72351E-01 6.10684E-02
      0.474     0.350     0.312 2.79822E-01 6.29334E-02
      0.474     0.350     0.354 2.77459E-01 6.14043E-02
      0.474     0.350     0.396 2.29915E-01 6.70422E-02
      0.474     0.350     0.438 2.45481E-01 6.20251E-02
      0.474     0.350     0.479 2.53967E-01 6.37976E-02
      0.474     0.350     0.521 2.78041E-01 6.08669E-02
      0.474     0.350     0.562 2.71348E-01 6.25061E-02
      0.474     0.350     0.604 2.90394E-01 5.99578E-02
      0.474     0.350     0.646 3.05447E-01 5.89727E-02
      0.474     0.350     0.688 2.86131E-01 6.11850E-02
      0.474     0.350     0.729 2.61209E-01 6.29000E-02
      0.474     0.350     0.771 2.62108E-01 6.29108E-02
      0.474     0.350     0.812 2.55842E-01 6.34956E-02
      0.474     0.350     0.854 2.88253E-01 6.01678E-02
      0.474     0.350     0.896 2.52870E-01 6.56591E-02
      0.474     0.350     0.938 2.58050E-01 6.36517E-02
      0.474     0.350     0.979 2.81196E-01 6.17601E-02
      0.474     0.450     0.021 2.60922E-01 6.55142E-02
      0.474     0.450     0.062 3.00416E-01 6.03789E-02
      0.474     0.450     0.104 2.62944E-01 6.45059E-02
      0.474     0.450     0.146 2.74491E-01 6.24692E-02
      0.474     0.450     0.188 2.75167E-01 6.16522E-02
      0.474     0.450     0.229 2.36639E-01 6.50399E-02
      0.474     0.450     0.271 2.62743E-01 6.42932E-02
      0.474     0.450     0.312 2.29451E-01 6.80997E-02
      0.474     0.450     0.354 2.61769E-01 6.34674E-02
      0.474     0.450     0.396 2.46588E-01 6.62396E-02
      0.474     0.450     0.438 2.45964E-01 6.45759E-02
      0.474     0.450     0.479 2.37703E-01 6.62427E-02
      0.474     0.450     0.521 2.46251E-01 6.72686E-02
      0.474     0.450     0.562 3.07805E-01 5.86976E-02
      0.474     0.450     0.604 2.86910E-01 6.14081E-02
      0.474     0.450     0.646 2.73607E-01 6.40727E-02
      0.474     0.450     0.688 2.71162E-01 6.36851E-02
      0.474     0.450     0.729 2.53397E-01 6.35206E-02
      0.474     0.450     0.771 2.42820E-01 6.57189E-02
      0.474     0.450     0.812 2.63741E-01 6.29941E-02
      0.474     0.450     0.854 2.77624E-01 6.23046E-02
      0.474     0.450     0.896 2.36786E-01 6.49230E-02
      0.474     0.450     0.938 2.46740E-01 6.53664E-02
      0.474     0.450     0.979 2.82361E-01 6.09893E-02
      0.474     0.550     0.021 2.53431E-01 6.50153E-02
      0.474     0.550     0.062 2.80151E-01 6.22343E-02
      0.474     0.550     0.104 2.60560E-01 6.39078E-02
      0.474     0.550     0.146 2.58960E-01 6.22609E-02
      0.474     0.550     0.188 2.57640E-01 6.47627E-02
      0.474     0.550     0.229 2.24910E-01 6.75166E-02
      0.474     0.550     0.271 2.56940E-01 6.36467E-02
      0.474     0.550     0.312 2.53978E-01 6.35330E-02
      0.474     0.550     0.354 2.58127E-01 6.31452E-02
      0.474     0.550     0.396 2.59475E-01 6.40075E-02
      0.474     0.550     0.438 2.64711E-01 6.40686E-02
      0.474     0.550     0.479 2.53450E-01 6.53511E-02
      0.474     0.550     0.521 2.56571E-01 6.30506E-02
      0.474     0.550     0.562 2.59707E-01 6.45352E-02
      0.474     0.550     0.604 2.60756E-01 6.28854E-02
      0.474     0.550     0.646 2.64240E-01 6.24538E-02
      0.474     0.550     0.688 2.78135E-01 6.15852E-02
      0.474     0.550     0.729 2.51050E-01 6.23556E-02
      0.474     0.550     0.771 2.52158E-01 6.47161E-02
      0.474     0.550     0.812 2.66975E-01 6.45915E-02
      0.474     0.550     0.854 2.60352E-01 6.40126E-02
      0.474     0.550     0.896 2.48425E-01 6.42056E-02
      0.474     0.550     0.938 2.55533E-01 6.45492E-02
      0.474     0.550     0.979 2.83590E-01 6.08950E-02
      0.474     0.650     0.021 2.70315E-01 6.39162E-02
      0.474     0.650     0.062 2.61672E-01 6.61616E-02
      0.474     0.650     0.104 2.31466E-01 6.80319E-02
      0.474     0.650     0.146 2.08624E-01 7.12960E-02
      0.474     0.650     0.188 2.37323E-01 6.67066E-02
      0.474     0.650     0.229 2.58709E-01 6.34778E-02
      0.474     0.650     0.271 2.46707E-01 6.48286E-02
      0.474     0.650     0.312 2.30445E-01 6.72233E-02
      0.474     0.650     0.354 2.52312E-01 6.44165E-02
      0.474     0.650     0.396 2.33298E-01 6.66735E-02
      0.474     0.650     0.438 2.40948E-01 6.60718E-02
      0.474     0.650     0.479 2.37836E-01 6.63181E-02
      0.474     0.650     0.521 2.46345E-01 6.44564E-02
      0.474     0.650     0.562 2.06167E-01 7.00198E-02
      0.474     0.650     0.604 2.61802E-01 6.33066E-02
      0.474     0.650     0.646 2.44674E-01 6.40264E-02
      0.474     0.650     0.688 2.39706E-01 6.61703E-02
      0.474     0.650     0.729 2.45685E-01 6.47954E-02
      0.474     0.650     0.771 2.55032E-01 6.49197E-02
      0.474     0.650     0.812 2.31144E-01 6.65674E-02
      0.474     0.650     0.854 2.48316E-01 6.42968E-02
      0.474     0.650     0.896 2.59648E-01 6.49708E-02
      0.474     0.650     0.938 2.87794E-01 6.21352E-02
      0.474     0.650     0.979 2.64983E-01 6.15183E-02
      0.474     0.750     0.021 2.34475E-01 6.71985E-02
      0.474     0.750     0.062 2.28225E-01 6.71315E-02
      0.474     0.750     0.104 2.40604E-01 6.53744E-02
      0.474     0.750     0.146 2.48276E-01 6.45972E-02
      0.474     0.750     0.188 2.32297E-01 6.55052E-02
      0.474     0.750     0.229 2.77610E-01 6.29919E-02
      0.474     0.750     0.271 2.60426E-01 6.49923E-02
      0.474     0.750     0.312 2.39517E-01 6.62624E-02
      0.474     0.750     0.354 2.38625E-01 6.52544E-02
      0.474     0.750     0.396 2.45605E-01 6.54097E-02
      0.474     0.750     0.438 2.34731E-01 6.60050E-02
      0.474     0.750     0.479 2.25776E-01 6.62974E-02
      0.474     0.750     0.521 2.46260E-01 6.66529E-02
      0.474     0.750     0.562 2.23445E-01 6.86811E-02
      0.474     0.750     0.604 2.68162E-01 6.32574E-02
      0.474     0.750     0.646 2.31799E-01 6.74694E-02
      0.474     0.750     0.688 2.24514E-01 6.64472E-02
      0.474     0.750     0.729 2.43406E-01 6.65209E-02
      0.474     0.750     0.771 2.39423E-01 6.57238E-02
      0.474     0.750     0.812 2.52071E-01 6.59372E-02
      0.474     0.750     0.854 2.15155E-01 6.95893E-02
      0.474     0.750     0.896 2.48391E-01 6.48696E-02
      0.474     0.750     0.938 2.40027E-01 6.67527E-02
      0.474     0.750     0.979 2.60429E-01 6.43197E-02
      0.474     0.850     0.021 2.33793E-01 6.80114E-02
      0.474     0.850     0.062 2.29839E-01 6.70610E-02
      0.474     0.850     0.104 2.35680E-01 6.68268E-02
      0.474     0.850     0.146 2.29477E-01 6.68623E-02
      0.474     0.850     0.188 2.47546E-01 6.48740E-02
      0.474     0.850     0.229 2.49706E-01 6.43134E-02
      0.474     0.850     0.271 2.20626E-01 6.89769E-02
      0.474     0.850     0.312 2.42317E-01 6.74707E-02
      0.474     0.850     0.354 2.34135E-01 6.66985E-02
      0.474     0.850     0.396 2.32233E-01 6.81327E-02
      0.474     0.850     0.438 2.46117E-01 6.55650E-02
      0.474     0.850     0.479 2.49246E-01 6.38335E-02
      0.474     0.850     0.521 2.35500E-01 6.51049E-02
      0.474     0.850     0.562 2.13770E-01 6.85682E-02
      0.474     0.850     0.604 2.39980E-01 6.67671E-02
      0.474     0.850     0.646 2.31543E-01 6.67752E-02
      0.474     0.850     0.688 2.24526E-01 6.64892E-02
      0.474     0.850     0.729 2.54893E-01 6.40515E-02
      0.474     0.850     0.771 2.20176E-01 7.07807E-02
      0.474     0.850     0.812 2.23340E-01 6.58234E-02
      0.474     0.850     0.854 2.42011E-01 6.44132E-02
      0.474     0.850     0.896 2.42222E-01 6.64153E-02
      0.474     0.850     0.938 2.28060E-01 6.63182E-02
      0.474     0.850     0.979 2.45334E-01 6.42023E-02
      0.474     0.950     0.021 2.46200E-01 6.50500E-02
      0.474     0.950     0.062 2.29940E-01 6.59527E-02
      0.474     0.950     0.104 2.06512E-01 6.80832E-02
      0.474     0.950     0.146 2.12248E-01 6.79970E-02
      0.474     0.950     0.188 2.15200E-01 6.62259E-02
      0.474     0.950     0.229 2.41794E-01 6.45491E-02
      0.474     0.950     0.271 2.44182E-01 6.69244E-02
      0.474     0.950     0.312 2.03045E-01 6.91895E-02
      0.474     0.950     0.354 2.59488E-01 6.26204E-02
      0.474     0.950     0.396 2.16526E-01 6.68099E-02
      0.474     0.950     0.438 2.41918E-01 6.57601E-02
      0.474     0.950     0.479 2.46777E-01 6.38086E-02
      0.474     0.950     0.521 2.44896E-01 6.47905E-02
      0.474     0.950     0.562 2.28033E-01 6.89449E-02
      0.474     0.950     0.604 2.46019E-01 6.43926E-02
      0.474     0.950     0.646 2.36953E-01 6.57232E-02
      0.474     0.950     0.688 2.30291E-01 6.61617E-02
      0.474     0.950     0.729 2.41427E-01 6.53098E-02
      0.474     0.950     0.771 2.39190E-01 6.50447E-02
      0.474     0.950     0.812 2.23140E-01 6.57879E-02
      0.474     0.950     0.854 2.26482E-01 6.66268E-02
      0.474     0.950     0.896 2.71449E-01 6.30201E-02
      0.474     0.950     0.938 2.40822E-01 6.42747E-02
      0.474     0.950     0.979 2.29425E-01 6.69404E-02
