                                       2        2000        4299618
 testprob23 - forward 80 group electron-photon detector chip problem            
ntal     6
    6  414    8   18  424  818
tally    6    2    0
f        1
     24
d        1
ut      51
s        0
m        0
c        0
e        0
t        0
vals
  0.00000E+00 0.0000  0.00000E+00 0.0000  0.00000E+00 0.0000  0.00000E+00 0.0000
  0.00000E+00 0.0000  0.00000E+00 0.0000  0.00000E+00 0.0000  0.00000E+00 0.0000
  0.00000E+00 0.0000  0.00000E+00 0.0000  0.00000E+00 0.0000  0.00000E+00 0.0000
  0.00000E+00 0.0000  0.00000E+00 0.0000  0.00000E+00 0.0000  2.72575E-06 0.9997
  0.00000E+00 0.0000  0.00000E+00 0.0000  0.00000E+00 0.0000  0.00000E+00 0.0000
  0.00000E+00 0.0000  0.00000E+00 0.0000  0.00000E+00 0.0000  1.52075E-07 0.9997
  0.00000E+00 0.0000  7.88644E-05 0.7135  0.00000E+00 0.0000  0.00000E+00 0.0000
  8.76864E-07 0.9997  3.68016E-06 0.8256  3.26036E-05 0.4790  9.17569E-06 0.6064
  9.97782E-06 0.6500  3.79324E-06 0.7652  5.30512E-06 0.7173  6.70785E-06 0.6364
  1.49903E-05 0.4840  9.02564E-06 0.5499  1.21716E-05 0.4806  8.44915E-06 0.4872
  6.14955E-06 0.4591  2.73081E-06 0.4533  5.97917E-06 0.4868  1.68981E-06 0.6261
  2.72915E-06 0.7247  1.44922E-06 0.7635  3.24456E-06 0.4296  3.23953E-07 0.6475
  1.38820E-06 0.7356  8.66294E-07 0.5769  2.25050E-04 0.2694
tfc    2       1       1      51       1       1       1       1       1
       1000  3.30099E-04  3.58419E-01
       2000  2.25050E-04  2.69442E-01
tally  414    2    0
f        1
     24
d        1
u        0
s        0
m        2
c        0
e        0
t        0
vals
  2.10957E-02 0.2426  0.00000E+00 0.0000
tfc    2       1       1       1       1       1       1       1       1
       1000  3.09469E-02  3.16649E-01
       2000  2.10957E-02  2.42641E-01
tally    8    4    0
f        1
     24
d        1
u        0
s        0
m        0
c        0
e        0
t        0
vals
  6.29681E-05 0.2595
tfc    2       1       1       1       1       1       1       1       1
       1000  5.79568E-05  3.97994E-01
       2000  6.29681E-05  2.59489E-01
tally   18    4    0
f        1
     24
d        1
u        0
s        0
m        0
c        0
e        0
t        0
vals
  3.15416E-05 0.3231
tfc    2       1       1       1       1       1       1       1       1
       1000  3.62429E-05  4.13569E-01
       2000  3.15416E-05  3.23103E-01
tally  424    4    0
f        1
     24
d        1
u        0
s        0
m        0
c        0
e        0
t        0
vals
  6.18631E-04 0.2672
tfc    2       1       1       1       1       1       1       1       1
       1000  5.12137E-04  4.03772E-01
       2000  6.18631E-04  2.67238E-01
tally  818    6    0
f        1
     24
d        1
u        0
s        0
m        0
c        0
e        0
t        0
vals
  1.97151E-03 0.2595
tfc    2       1       1       1       1       1       1       1       1
       1000  1.81461E-03  3.97994E-01
       2000  1.97151E-03  2.59489E-01
