                                       2      449925       23575425
 title - 3x3x3 plutonium array                                                  
ntal     0

kcode  150   60   19
 1.17332E+00 1.17374E+00 1.17782E+00 5.93036E+00 5.92944E+00
 0.00000E+00 0.00000E+00 0.00000E+00 0.00000E+00 0.00000E+00
 0.00000E+00 0.00000E+00 0.00000E+00 1.00492E+00 1.59707E-03
 0.00000E+00 0.00000E+00 3.00000E+03 0.00000E+00
 1.04850E+00 1.04952E+00 1.02606E+00 5.73333E+00 5.73164E+00
 0.00000E+00 0.00000E+00 0.00000E+00 0.00000E+00 0.00000E+00
 0.00000E+00 0.00000E+00 0.00000E+00 1.00374E+00 1.10132E-03
 0.00000E+00 0.00000E+00 3.51400E+03 0.00000E+00
 1.03278E+00 1.03228E+00 1.03675E+00 5.62511E+00 5.62700E+00
 0.00000E+00 0.00000E+00 0.00000E+00 0.00000E+00 0.00000E+00
 0.00000E+00 0.00000E+00 0.00000E+00 1.00351E+00 1.09142E-03
 0.00000E+00 0.00000E+00 2.65600E+03 0.00000E+00
 1.04177E+00 1.04087E+00 1.02920E+00 5.38991E+00 5.38979E+00
 0.00000E+00 0.00000E+00 0.00000E+00 0.00000E+00 0.00000E+00
 0.00000E+00 0.00000E+00 0.00000E+00 1.00330E+00 1.07622E-03
 0.00000E+00 0.00000E+00 2.95400E+03 0.00000E+00
 9.86507E-01 9.86649E-01 1.00933E+00 5.34540E+00 5.34508E+00
 0.00000E+00 0.00000E+00 0.00000E+00 0.00000E+00 0.00000E+00
 0.00000E+00 0.00000E+00 0.00000E+00 1.00311E+00 1.06367E-03
 0.00000E+00 0.00000E+00 3.08000E+03 0.00000E+00
 1.00119E+00 1.00389E+00 9.95878E-01 5.25880E+00 5.25456E+00
 0.00000E+00 0.00000E+00 0.00000E+00 0.00000E+00 0.00000E+00
 0.00000E+00 0.00000E+00 0.00000E+00 1.00311E+00 1.07075E-03
 0.00000E+00 0.00000E+00 2.75200E+03 0.00000E+00
 9.98021E-01 9.97574E-01 1.00185E+00 5.34378E+00 5.34394E+00
 0.00000E+00 0.00000E+00 0.00000E+00 0.00000E+00 0.00000E+00
 0.00000E+00 0.00000E+00 0.00000E+00 1.00316E+00 1.07962E-03
 0.00000E+00 0.00000E+00 3.06500E+03 0.00000E+00
 9.94639E-01 9.95079E-01 9.98842E-01 5.21243E+00 5.21088E+00
 0.00000E+00 0.00000E+00 0.00000E+00 0.00000E+00 0.00000E+00
 0.00000E+00 0.00000E+00 0.00000E+00 1.00317E+00 1.08678E-03
 0.00000E+00 0.00000E+00 2.91800E+03 0.00000E+00
 1.01946E+00 1.01869E+00 1.01224E+00 5.12320E+00 5.12438E+00
 0.00000E+00 0.00000E+00 0.00000E+00 0.00000E+00 0.00000E+00
 0.00000E+00 0.00000E+00 0.00000E+00 1.00321E+00 1.09405E-03
 0.00000E+00 0.00000E+00 3.01600E+03 0.00000E+00
 1.03067E+00 1.03184E+00 1.01484E+00 5.20474E+00 5.20265E+00
 0.00000E+00 0.00000E+00 0.00000E+00 0.00000E+00 0.00000E+00
 0.00000E+00 0.00000E+00 0.00000E+00 1.00314E+00 1.09854E-03
 0.00000E+00 0.00000E+00 3.07500E+03 0.00000E+00
 1.02448E+00 1.02447E+00 1.01382E+00 5.42900E+00 5.42804E+00
 0.00000E+00 0.00000E+00 0.00000E+00 0.00000E+00 0.00000E+00
 0.00000E+00 0.00000E+00 0.00000E+00 1.00300E+00 1.10068E-03
 0.00000E+00 0.00000E+00 2.98100E+03 0.00000E+00
 1.01818E+00 1.01661E+00 1.02262E+00 5.03230E+00 5.03534E+00
 0.00000E+00 0.00000E+00 0.00000E+00 0.00000E+00 0.00000E+00
 0.00000E+00 0.00000E+00 0.00000E+00 1.00289E+00 1.10393E-03
 0.00000E+00 0.00000E+00 3.00300E+03 0.00000E+00
 9.82459E-01 9.81342E-01 9.70104E-01 5.25491E+00 5.25769E+00
 0.00000E+00 0.00000E+00 0.00000E+00 0.00000E+00 0.00000E+00
 0.00000E+00 0.00000E+00 0.00000E+00 1.00278E+00 1.10296E-03
 0.00000E+00 0.00000E+00 2.94300E+03 0.00000E+00
 9.86293E-01 9.85795E-01 1.00162E+00 5.02790E+00 5.02839E+00
 0.00000E+00 0.00000E+00 0.00000E+00 0.00000E+00 0.00000E+00
 0.00000E+00 0.00000E+00 0.00000E+00 1.00298E+00 1.08992E-03
 0.00000E+00 0.00000E+00 2.89100E+03 0.00000E+00
 1.03299E+00 1.03391E+00 1.00177E+00 5.10490E+00 5.10232E+00
 0.00000E+00 0.00000E+00 0.00000E+00 0.00000E+00 0.00000E+00
 0.00000E+00 0.00000E+00 0.00000E+00 1.00302E+00 1.09627E-03
 0.00000E+00 0.00000E+00 3.02800E+03 0.00000E+00
 9.84364E-01 9.82337E-01 1.00525E+00 5.26781E+00 5.27079E+00
 0.00000E+00 0.00000E+00 0.00000E+00 0.00000E+00 0.00000E+00
 0.00000E+00 0.00000E+00 0.00000E+00 1.00294E+00 1.10402E-03
 0.00000E+00 0.00000E+00 3.14200E+03 0.00000E+00
 9.86134E-01 9.85438E-01 9.89822E-01 5.14314E+00 5.14336E+00
 0.00000E+00 0.00000E+00 0.00000E+00 0.00000E+00 0.00000E+00
 0.00000E+00 0.00000E+00 0.00000E+00 1.00297E+00 1.10975E-03
 0.00000E+00 0.00000E+00 2.81600E+03 0.00000E+00
 1.01297E+00 1.01388E+00 9.94552E-01 5.19561E+00 5.19452E+00
 0.00000E+00 0.00000E+00 0.00000E+00 0.00000E+00 0.00000E+00
 0.00000E+00 0.00000E+00 0.00000E+00 1.00307E+00 1.11200E-03
 0.00000E+00 0.00000E+00 3.01300E+03 0.00000E+00
 1.00036E+00 9.98413E-01 1.02440E+00 5.20339E+00 5.20549E+00
 0.00000E+00 0.00000E+00 0.00000E+00 0.00000E+00 0.00000E+00
 0.00000E+00 0.00000E+00 0.00000E+00 1.00309E+00 1.12186E-03
 0.00000E+00 0.00000E+00 3.08200E+03 0.00000E+00
 1.01032E+00 1.00961E+00 9.97125E-01 5.07277E+00 5.07260E+00
 0.00000E+00 0.00000E+00 0.00000E+00 0.00000E+00 0.00000E+00
 0.00000E+00 0.00000E+00 0.00000E+00 1.00301E+00 1.12448E-03
 0.00000E+00 0.00000E+00 2.92100E+03 0.00000E+00
 1.03643E+00 1.03595E+00 1.01759E+00 5.34010E+00 5.34063E+00
 0.00000E+00 0.00000E+00 0.00000E+00 0.00000E+00 0.00000E+00
 0.00000E+00 0.00000E+00 0.00000E+00 1.00303E+00 1.13328E-03
 0.00000E+00 0.00000E+00 3.02300E+03 0.00000E+00
 1.01040E+00 1.00900E+00 1.01493E+00 5.06516E+00 5.06761E+00
 0.00000E+00 0.00000E+00 0.00000E+00 0.00000E+00 0.00000E+00
 0.00000E+00 0.00000E+00 0.00000E+00 1.00285E+00 1.13081E-03
 0.00000E+00 0.00000E+00 3.12800E+03 0.00000E+00
 9.98352E-01 9.97865E-01 9.94749E-01 5.16086E+00 5.16201E+00
 0.00000E+00 0.00000E+00 0.00000E+00 0.00000E+00 0.00000E+00
 0.00000E+00 0.00000E+00 0.00000E+00 1.00278E+00 1.13597E-03
 0.00000E+00 0.00000E+00 2.90400E+03 0.00000E+00
 1.01269E+00 1.01142E+00 9.96796E-01 5.05724E+00 5.05967E+00
 0.00000E+00 0.00000E+00 0.00000E+00 0.00000E+00 0.00000E+00
 0.00000E+00 0.00000E+00 0.00000E+00 1.00284E+00 1.14366E-03
 0.00000E+00 0.00000E+00 2.95100E+03 0.00000E+00
 1.00321E+00 1.00172E+00 9.94027E-01 5.18985E+00 5.19147E+00
 0.00000E+00 0.00000E+00 0.00000E+00 0.00000E+00 0.00000E+00
 0.00000E+00 0.00000E+00 0.00000E+00 1.00284E+00 1.15314E-03
 0.00000E+00 0.00000E+00 3.06300E+03 0.00000E+00
 1.01858E+00 1.01734E+00 1.02096E+00 5.08404E+00 5.08553E+00
 0.00000E+00 0.00000E+00 0.00000E+00 0.00000E+00 0.00000E+00
 0.00000E+00 0.00000E+00 0.00000E+00 1.00289E+00 1.16145E-03
 0.00000E+00 0.00000E+00 2.99200E+03 0.00000E+00
 9.94296E-01 9.93587E-01 9.91601E-01 5.24055E+00 5.24250E+00
 0.00000E+00 0.00000E+00 0.00000E+00 0.00000E+00 0.00000E+00
 0.00000E+00 0.00000E+00 0.00000E+00 1.00276E+00 1.16199E-03
 0.00000E+00 0.00000E+00 3.04300E+03 0.00000E+00
 1.01387E+00 1.01370E+00 1.00560E+00 5.12216E+00 5.12171E+00
 0.00000E+00 0.00000E+00 0.00000E+00 0.00000E+00 0.00000E+00
 0.00000E+00 0.00000E+00 0.00000E+00 1.00284E+00 1.16840E-03
 0.00000E+00 0.00000E+00 2.94800E+03 0.00000E+00
 9.84057E-01 9.83260E-01 9.76621E-01 5.23576E+00 5.23656E+00
 0.00000E+00 0.00000E+00 0.00000E+00 0.00000E+00 0.00000E+00
 0.00000E+00 0.00000E+00 0.00000E+00 1.00280E+00 1.17774E-03
 0.00000E+00 0.00000E+00 2.98500E+03 0.00000E+00
 9.94111E-01 9.93632E-01 9.68958E-01 5.27553E+00 5.27617E+00
 0.00000E+00 0.00000E+00 0.00000E+00 0.00000E+00 0.00000E+00
 0.00000E+00 0.00000E+00 0.00000E+00 1.00300E+00 1.17081E-03
 0.00000E+00 0.00000E+00 2.87600E+03 0.00000E+00
 9.92770E-01 9.93043E-01 9.88679E-01 5.32828E+00 5.32813E+00
 0.00000E+00 0.00000E+00 0.00000E+00 0.00000E+00 0.00000E+00
 0.00000E+00 0.00000E+00 0.00000E+00 1.00327E+00 1.16146E-03
 0.00000E+00 0.00000E+00 3.05100E+03 0.00000E+00
 9.94399E-01 9.93989E-01 9.98446E-01 5.27150E+00 5.27219E+00
 0.00000E+00 0.00000E+00 0.00000E+00 0.00000E+00 0.00000E+00
 0.00000E+00 0.00000E+00 0.00000E+00 1.00338E+00 1.16625E-03
 0.00000E+00 0.00000E+00 3.00800E+03 0.00000E+00
 9.89811E-01 9.92385E-01 9.94250E-01 5.18591E+00 5.18260E+00
 0.00000E+00 0.00000E+00 0.00000E+00 0.00000E+00 0.00000E+00
 0.00000E+00 0.00000E+00 0.00000E+00 1.00344E+00 1.17463E-03
 0.00000E+00 0.00000E+00 2.94900E+03 0.00000E+00
 1.01254E+00 1.01155E+00 1.00941E+00 5.22425E+00 5.22648E+00
 0.00000E+00 0.00000E+00 0.00000E+00 0.00000E+00 0.00000E+00
 0.00000E+00 0.00000E+00 0.00000E+00 1.00352E+00 1.18203E-03
 0.00000E+00 0.00000E+00 3.01900E+03 0.00000E+00
 9.82252E-01 9.83663E-01 9.64843E-01 5.13415E+00 5.13069E+00
 0.00000E+00 0.00000E+00 0.00000E+00 0.00000E+00 0.00000E+00
 0.00000E+00 0.00000E+00 0.00000E+00 1.00347E+00 1.19090E-03
 0.00000E+00 0.00000E+00 3.03700E+03 0.00000E+00
 9.83921E-01 9.81835E-01 1.00834E+00 5.20036E+00 5.20376E+00
 0.00000E+00 0.00000E+00 0.00000E+00 0.00000E+00 0.00000E+00
 0.00000E+00 0.00000E+00 0.00000E+00 1.00383E+00 1.16535E-03
 0.00000E+00 0.00000E+00 2.83900E+03 0.00000E+00
 1.01678E+00 1.01769E+00 1.01446E+00 5.06409E+00 5.06310E+00
 0.00000E+00 0.00000E+00 0.00000E+00 0.00000E+00 0.00000E+00
 0.00000E+00 0.00000E+00 0.00000E+00 1.00384E+00 1.17297E-03
 0.00000E+00 0.00000E+00 3.00900E+03 0.00000E+00
 9.90517E-01 9.92472E-01 9.91485E-01 5.19097E+00 5.18952E+00
 0.00000E+00 0.00000E+00 0.00000E+00 0.00000E+00 0.00000E+00
 0.00000E+00 0.00000E+00 0.00000E+00 1.00374E+00 1.17988E-03
 0.00000E+00 0.00000E+00 3.12000E+03 0.00000E+00
 9.94966E-01 9.95657E-01 9.97849E-01 5.15716E+00 5.15523E+00
 0.00000E+00 0.00000E+00 0.00000E+00 0.00000E+00 0.00000E+00
 0.00000E+00 0.00000E+00 0.00000E+00 1.00386E+00 1.18561E-03
 0.00000E+00 0.00000E+00 2.96600E+03 0.00000E+00
 1.03061E+00 1.02843E+00 1.01445E+00 5.08992E+00 5.09305E+00
 0.00000E+00 0.00000E+00 0.00000E+00 0.00000E+00 0.00000E+00
 0.00000E+00 0.00000E+00 0.00000E+00 1.00393E+00 1.19489E-03
 0.00000E+00 0.00000E+00 3.01400E+03 0.00000E+00
 9.99891E-01 9.99284E-01 9.98995E-01 5.20413E+00 5.20506E+00
 0.00000E+00 0.00000E+00 0.00000E+00 0.00000E+00 0.00000E+00
 0.00000E+00 0.00000E+00 0.00000E+00 1.00377E+00 1.19745E-03
 0.00000E+00 0.00000E+00 3.10900E+03 0.00000E+00
 9.96791E-01 9.96962E-01 1.00913E+00 5.19840E+00 5.19810E+00
 0.00000E+00 0.00000E+00 0.00000E+00 0.00000E+00 0.00000E+00
 0.00000E+00 0.00000E+00 0.00000E+00 1.00381E+00 1.20787E-03
 0.00000E+00 0.00000E+00 2.84300E+03 0.00000E+00
 9.93360E-01 9.95173E-01 9.85115E-01 5.11087E+00 5.10924E+00
 0.00000E+00 0.00000E+00 0.00000E+00 0.00000E+00 0.00000E+00
 0.00000E+00 0.00000E+00 0.00000E+00 1.00380E+00 1.21796E-03
 0.00000E+00 0.00000E+00 3.01100E+03 0.00000E+00
 1.01667E+00 1.01758E+00 1.01425E+00 5.19761E+00 5.19563E+00
 0.00000E+00 0.00000E+00 0.00000E+00 0.00000E+00 0.00000E+00
 0.00000E+00 0.00000E+00 0.00000E+00 1.00399E+00 1.21997E-03
 0.00000E+00 0.00000E+00 3.02600E+03 0.00000E+00
 9.74953E-01 9.72939E-01 9.87955E-01 5.25434E+00 5.25738E+00
 0.00000E+00 0.00000E+00 0.00000E+00 0.00000E+00 0.00000E+00
 0.00000E+00 0.00000E+00 0.00000E+00 1.00388E+00 1.22866E-03
 0.00000E+00 0.00000E+00 3.08100E+03 0.00000E+00
 9.89405E-01 9.87416E-01 9.77172E-01 5.18646E+00 5.19006E+00
 0.00000E+00 0.00000E+00 0.00000E+00 0.00000E+00 0.00000E+00
 0.00000E+00 0.00000E+00 0.00000E+00 1.00402E+00 1.22497E-03
 0.00000E+00 0.00000E+00 2.93000E+03 0.00000E+00
 9.91245E-01 9.88561E-01 1.00880E+00 5.16148E+00 5.16377E+00
 0.00000E+00 0.00000E+00 0.00000E+00 0.00000E+00 0.00000E+00
 0.00000E+00 0.00000E+00 0.00000E+00 1.00425E+00 1.21646E-03
 0.00000E+00 0.00000E+00 2.99600E+03 0.00000E+00
 1.01306E+00 1.01203E+00 1.00655E+00 5.13896E+00 5.14004E+00
 0.00000E+00 0.00000E+00 0.00000E+00 0.00000E+00 0.00000E+00
 0.00000E+00 0.00000E+00 0.00000E+00 1.00425E+00 1.22595E-03
 0.00000E+00 0.00000E+00 2.98800E+03 0.00000E+00
 9.82959E-01 9.82666E-01 1.00484E+00 5.20244E+00 5.20403E+00
 0.00000E+00 0.00000E+00 0.00000E+00 0.00000E+00 0.00000E+00
 0.00000E+00 0.00000E+00 0.00000E+00 1.00421E+00 1.23811E-03
 0.00000E+00 0.00000E+00 3.05300E+03 0.00000E+00
 1.00482E+00 1.00300E+00 1.01390E+00 5.28365E+00 5.28533E+00
 0.00000E+00 0.00000E+00 0.00000E+00 0.00000E+00 0.00000E+00
 0.00000E+00 0.00000E+00 0.00000E+00 1.00425E+00 1.24722E-03
 0.00000E+00 0.00000E+00 2.93100E+03 0.00000E+00
 1.00008E+00 1.00068E+00 1.00380E+00 5.18837E+00 5.18758E+00
 0.00000E+00 0.00000E+00 0.00000E+00 0.00000E+00 0.00000E+00
 0.00000E+00 0.00000E+00 0.00000E+00 1.00418E+00 1.25665E-03
 0.00000E+00 0.00000E+00 3.12500E+03 0.00000E+00
 9.95332E-01 9.91619E-01 1.00345E+00 5.17682E+00 5.18292E+00
 0.00000E+00 0.00000E+00 0.00000E+00 0.00000E+00 0.00000E+00
 0.00000E+00 0.00000E+00 0.00000E+00 1.00420E+00 1.26911E-03
 0.00000E+00 0.00000E+00 3.00400E+03 0.00000E+00
 9.52694E-01 9.53673E-01 9.83797E-01 5.30187E+00 5.30184E+00
 0.00000E+00 0.00000E+00 0.00000E+00 0.00000E+00 0.00000E+00
 0.00000E+00 0.00000E+00 0.00000E+00 1.00422E+00 1.28220E-03
 0.00000E+00 0.00000E+00 3.04200E+03 0.00000E+00
 9.94407E-01 9.93128E-01 9.89875E-01 5.19504E+00 5.19648E+00
 0.00000E+00 0.00000E+00 0.00000E+00 0.00000E+00 0.00000E+00
 0.00000E+00 0.00000E+00 0.00000E+00 1.00446E+00 1.25386E-03
 0.00000E+00 0.00000E+00 2.81400E+03 0.00000E+00
 1.00546E+00 1.00449E+00 9.80882E-01 5.19444E+00 5.19543E+00
 0.00000E+00 0.00000E+00 0.00000E+00 0.00000E+00 0.00000E+00
 0.00000E+00 0.00000E+00 0.00000E+00 1.00460E+00 1.26076E-03
 0.00000E+00 0.00000E+00 3.14000E+03 0.00000E+00
 9.98823E-01 9.98194E-01 9.87493E-01 5.18082E+00 5.18064E+00
 0.00000E+00 0.00000E+00 0.00000E+00 0.00000E+00 0.00000E+00
 0.00000E+00 0.00000E+00 0.00000E+00 1.00481E+00 1.26557E-03
 0.00000E+00 0.00000E+00 3.05900E+03 0.00000E+00
 9.97717E-01 9.98131E-01 1.00360E+00 5.17095E+00 5.17116E+00
 0.00000E+00 0.00000E+00 0.00000E+00 0.00000E+00 0.00000E+00
 0.00000E+00 0.00000E+00 0.00000E+00 1.00498E+00 1.27190E-03
 0.00000E+00 0.00000E+00 2.95100E+03 0.00000E+00
 9.94651E-01 9.94241E-01 1.00200E+00 5.10603E+00 5.10703E+00
 0.00000E+00 0.00000E+00 0.00000E+00 0.00000E+00 0.00000E+00
 0.00000E+00 0.00000E+00 0.00000E+00 1.00501E+00 1.28453E-03
 0.00000E+00 0.00000E+00 3.03000E+03 0.00000E+00
 1.00760E+00 1.00880E+00 9.87693E-01 5.25607E+00 5.25432E+00
 0.00000E+00 0.00000E+00 0.00000E+00 0.00000E+00 0.00000E+00
 0.00000E+00 0.00000E+00 0.00000E+00 1.00506E+00 1.29709E-03
 0.00000E+00 0.00000E+00 2.92900E+03 0.00000E+00
 9.85811E-01 9.84457E-01 9.93095E-01 5.17060E+00 5.17323E+00
 0.00000E+00 0.00000E+00 0.00000E+00 0.00000E+00 0.00000E+00
 0.00000E+00 0.00000E+00 0.00000E+00 1.00521E+00 1.30640E-03
 0.00000E+00 0.00000E+00 3.06500E+03 0.00000E+00
 9.94592E-01 9.95091E-01 9.92142E-01 5.20291E+00 5.20266E+00
 0.00000E+00 0.00000E+00 0.00000E+00 0.00000E+00 0.00000E+00
 0.00000E+00 0.00000E+00 0.00000E+00 1.00537E+00 1.31143E-03
 0.00000E+00 0.00000E+00 2.91100E+03 0.00000E+00
 1.00570E+00 1.00759E+00 1.00078E+00 5.06306E+00 5.06012E+00
 1.00015E+00 5.55501E-03 1.00134E+00 6.24752E-03 9.96462E-01
 4.31999E-03 0.00000E+00 0.00000E+00 1.00551E+00 1.31849E-03
 0.00000E+00 0.00000E+00 3.00500E+03 0.00000E+00
 1.03278E+00 1.03253E+00 1.01787E+00 5.09471E+00 5.09457E+00
 1.01103E+00 1.13412E-02 1.01174E+00 1.10049E-02 1.00360E+00
 7.55966E-03 0.00000E+00 0.00000E+00 1.00555E+00 1.33278E-03
 0.00000E+00 0.00000E+00 3.00700E+03 0.00000E+00
 9.88057E-01 9.87610E-01 9.94409E-01 5.09059E+00 5.09172E+00
 1.00528E+00 9.86325E-03 1.00570E+00 9.84532E-03 1.00130E+00
 5.81830E-03 9.97803E-01 4.96169E-03 1.00533E+00 1.33672E-03
 5.17040E+00 9.30025E-02 3.13900E+03 0.00000E+00
 1.03297E+00 1.03314E+00 1.00081E+00 5.16846E+00 5.16873E+00
 1.01082E+00 9.43553E-03 1.01119E+00 9.39490E-03 1.00120E+00
 4.50792E-03 9.99048E-01 7.55254E-03 1.00547E+00 1.34319E-03
 5.17834E+00 5.31784E-02 2.88500E+03 0.00000E+00
 9.91509E-01 9.93194E-01 9.86425E-01 5.29239E+00 5.29240E+00
 1.00760E+00 8.34938E-03 1.00819E+00 8.23652E-03 9.98739E-01
 4.42869E-03 9.98417E-01 6.78242E-03 1.00539E+00 1.36512E-03
 5.22586E+00 4.35900E-02 3.09100E+03 0.00000E+00
 1.00881E+00 1.00890E+00 1.00519E+00 5.35162E+00 5.35180E+00
 1.00777E+00 7.05861E-03 1.00829E+00 6.96186E-03 9.99661E-01
 3.85472E-03 9.99831E-01 5.44908E-03 1.00561E+00 1.36528E-03
 5.24005E+00 2.77125E-02 2.96200E+03 0.00000E+00
 1.03130E+00 1.03201E+00 1.02385E+00 5.23594E+00 5.23515E+00
 1.01071E+00 6.78353E-03 1.01126E+00 6.71874E-03 1.00268E+00
 4.50394E-03 1.00263E+00 7.21961E-03 1.00560E+00 1.38318E-03
 5.24144E+00 3.94963E-02 3.09600E+03 0.00000E+00
 1.04117E+00 1.04283E+00 1.02726E+00 5.16621E+00 5.16409E+00
 1.01410E+00 6.87316E-03 1.01477E+00 6.88621E-03 1.00542E+00
 4.82022E-03 1.00142E+00 8.12133E-03 1.00532E+00 1.37841E-03
 5.24091E+00 3.77826E-02 3.07000E+03 0.00000E+00
 1.02852E+00 1.02870E+00 1.00218E+00 5.16088E+00 5.16051E+00
 1.01554E+00 6.31436E-03 1.01616E+00 6.31493E-03 1.00509E+00
 4.32345E-03 1.00142E+00 7.70111E-03 1.00488E+00 1.35685E-03
 5.23530E+00 3.40458E-02 3.06200E+03 0.00000E+00
 1.03351E+00 1.03089E+00 1.01280E+00 5.12326E+00 5.12614E+00
 1.01717E+00 5.94054E-03 1.01750E+00 5.86689E-03 1.00579E+00
 3.97298E-03 1.00245E+00 6.60857E-03 1.00474E+00 1.38260E-03
 5.20074E+00 3.20347E-02 2.95400E+03 0.00000E+00
 9.91401E-01 9.89573E-01 9.93954E-01 5.24911E+00 5.25130E+00
 1.01503E+00 5.83276E-03 1.01517E+00 5.83947E-03 1.00481E+00
 3.75860E-03 1.00082E+00 5.33398E-03 1.00446E+00 1.39437E-03
 5.20548E+00 3.07330E-02 2.99300E+03 0.00000E+00
 1.01218E+00 1.01231E+00 1.03007E+00 5.31205E+00 5.31195E+00
 1.01481E+00 5.36983E-03 1.01495E+00 5.37604E-03 1.00675E+00
 3.96617E-03 1.00703E+00 5.13810E-03 1.00461E+00 1.40267E-03
 5.20123E+00 3.42073E-02 2.82100E+03 0.00000E+00
 1.02634E+00 1.02604E+00 1.03003E+00 5.14625E+00 5.14643E+00
 1.01563E+00 5.03925E-03 1.01574E+00 5.03990E-03 1.00841E+00
 4.03090E-03 1.00950E+00 4.99469E-03 1.00446E+00 1.39311E-03
 5.19858E+00 3.24641E-02 3.05500E+03 0.00000E+00
 9.99717E-01 9.97817E-01 1.00504E+00 5.20531E+00 5.20787E+00
 1.01457E+00 4.80974E-03 1.01455E+00 4.84171E-03 1.00819E+00
 3.75928E-03 1.00897E+00 4.50707E-03 1.00414E+00 1.37054E-03
 5.19834E+00 3.10268E-02 3.06100E+03 0.00000E+00
 1.00801E+00 1.00833E+00 1.02674E+00 5.12892E+00 5.12959E+00
 1.01416E+00 4.51772E-03 1.01416E+00 4.54563E-03 1.00935E+00
 3.70266E-03 1.01051E+00 4.09208E-03 1.00416E+00 1.38872E-03
 5.19153E+00 2.92652E-02 2.97900E+03 0.00000E+00
 9.91926E-01 9.91051E-01 1.02051E+00 5.09326E+00 5.09482E+00
 1.01285E+00 4.44062E-03 1.01280E+00 4.48103E-03 1.01000E+00
 3.53945E-03 1.01078E+00 3.68634E-03 1.00402E+00 1.38440E-03
 5.18501E+00 2.89524E-02 3.03800E+03 0.00000E+00
 1.00373E+00 1.00468E+00 1.00429E+00 5.07239E+00 5.07179E+00
 1.01235E+00 4.21721E-03 1.01235E+00 4.24880E-03 1.00969E+00
 3.35211E-03 1.01037E+00 3.47434E-03 1.00397E+00 1.39428E-03
 5.18230E+00 2.90143E-02 2.93100E+03 0.00000E+00
 9.97450E-01 9.98018E-01 9.97584E-01 5.03864E+00 5.03855E+00
 1.01156E+00 4.06539E-03 1.01160E+00 4.08913E-03 1.00905E+00
 3.23411E-03 1.00968E+00 3.35034E-03 1.00397E+00 1.41344E-03
 5.17059E+00 2.90307E-02 3.08300E+03 0.00000E+00
 1.00652E+00 1.00518E+00 9.84969E-01 5.11904E+00 5.12101E+00
 1.01131E+00 3.86501E-03 1.01127E+00 3.89252E-03 1.00784E+00
 3.29592E-03 1.00901E+00 3.35500E-03 1.00406E+00 1.43067E-03
 5.17278E+00 2.80136E-02 3.01800E+03 0.00000E+00
 1.02010E+00 1.02075E+00 1.02033E+00 5.07984E+00 5.07868E+00
 1.01173E+00 3.70010E-03 1.01173E+00 3.72993E-03 1.00844E+00
 3.19088E-03 1.00955E+00 3.22250E-03 1.00433E+00 1.45194E-03
 5.17192E+00 2.76022E-02 3.04600E+03 0.00000E+00
 1.01453E+00 1.01226E+00 9.99509E-01 5.14938E+00 5.15136E+00
 1.01185E+00 3.53021E-03 1.01175E+00 3.55643E-03 1.00803E+00
 3.06934E-03 1.00947E+00 3.10173E-03 1.00409E+00 1.45218E-03
 5.16739E+00 2.52745E-02 3.09300E+03 0.00000E+00
 9.90010E-01 9.90641E-01 9.93099E-01 5.22438E+00 5.22303E+00
 1.01091E+00 3.50439E-03 1.01083E+00 3.52005E-03 1.00738E+00
 3.00387E-03 1.00857E+00 3.05946E-03 1.00411E+00 1.48764E-03
 5.17239E+00 2.40104E-02 2.98100E+03 0.00000E+00
 1.01896E+00 1.01951E+00 1.01542E+00 5.29104E+00 5.29013E+00
 1.01124E+00 3.37195E-03 1.01119E+00 3.38952E-03 1.00772E+00
 2.89540E-03 1.00889E+00 2.94399E-03 1.00428E+00 1.49696E-03
 5.17432E+00 2.47629E-02 2.91600E+03 0.00000E+00
 1.01922E+00 1.01997E+00 1.03751E+00 5.24281E+00 5.24305E+00
 1.01156E+00 3.24998E-03 1.01155E+00 3.27000E-03 1.00891E+00
 3.02203E-03 1.01001E+00 2.91747E-03 1.00407E+00 1.50844E-03
 5.17278E+00 2.45568E-02 3.09100E+03 0.00000E+00
 9.91879E-01 9.92366E-01 9.89308E-01 5.35592E+00 5.35512E+00
 1.01080E+00 3.21293E-03 1.01081E+00 3.22716E-03 1.00816E+00
 2.99976E-03 1.00923E+00 2.91937E-03 1.00380E+00 1.45169E-03
 5.18509E+00 2.52153E-02 3.05700E+03 0.00000E+00
 1.00429E+00 1.00449E+00 1.00232E+00 5.13981E+00 5.13994E+00
 1.01056E+00 3.10105E-03 1.01057E+00 3.11415E-03 1.00794E+00
 2.89461E-03 1.00900E+00 2.81675E-03 1.00403E+00 1.45893E-03
 5.18204E+00 2.39270E-02 2.90200E+03 0.00000E+00
 9.82427E-01 9.83907E-01 1.00264E+00 5.27127E+00 5.26887E+00
 1.00956E+00 3.15266E-03 1.00962E+00 3.14837E-03 1.00775E+00
 2.79572E-03 1.00835E+00 2.74915E-03 1.00405E+00 1.48428E-03
 5.18475E+00 2.36099E-02 3.04000E+03 0.00000E+00
 1.00971E+00 1.00984E+00 1.00647E+00 5.14887E+00 5.14758E+00
 1.00956E+00 3.04201E-03 1.00963E+00 3.03787E-03 1.00771E+00
 2.69795E-03 1.00833E+00 2.65180E-03 1.00411E+00 1.49638E-03
 5.18255E+00 2.27295E-02 2.95500E+03 0.00000E+00
 9.94697E-01 9.95962E-01 9.85252E-01 5.23709E+00 5.23464E+00
 1.00907E+00 2.98034E-03 1.00917E+00 2.97001E-03 1.00696E+00
 2.71181E-03 1.00779E+00 2.66712E-03 1.00405E+00 1.52297E-03
 5.18457E+00 2.18801E-02 3.02100E+03 0.00000E+00
 9.92864E-01 9.91980E-01 9.94724E-01 5.15398E+00 5.15504E+00
 1.00854E+00 2.92959E-03 1.00862E+00 2.92565E-03 1.00656E+00
 2.65240E-03 1.00729E+00 2.60793E-03 1.00438E+00 1.52834E-03
 5.18467E+00 2.14862E-02 2.91300E+03 0.00000E+00
 9.90227E-01 9.90209E-01 9.83966E-01 4.98760E+00 4.98723E+00
 1.00797E+00 2.89375E-03 1.00804E+00 2.89057E-03 1.00586E+00
 2.66349E-03 1.00666E+00 2.61867E-03 1.00457E+00 1.54407E-03
 5.16627E+00 2.06648E-02 2.95600E+03 0.00000E+00
 9.86726E-01 9.86829E-01 9.83009E-01 5.21901E+00 5.21904E+00
 1.00733E+00 2.87763E-03 1.00740E+00 2.87442E-03 1.00517E+00
 2.67275E-03 1.00600E+00 2.63511E-03 1.00497E+00 1.53602E-03
 5.16935E+00 1.97786E-02 2.94100E+03 0.00000E+00
 1.01143E+00 1.00958E+00 9.93171E-01 5.13619E+00 5.13910E+00
 1.00745E+00 2.79432E-03 1.00746E+00 2.78933E-03 1.00481E+00
 2.61684E-03 1.00587E+00 2.56763E-03 1.00541E+00 1.51489E-03
 5.16881E+00 1.89758E-02 2.98300E+03 0.00000E+00
 9.89186E-01 9.89506E-01 1.00823E+00 5.20937E+00 5.20879E+00
 1.00693E+00 2.76303E-03 1.00695E+00 2.75664E-03 1.00491E+00
 2.54284E-03 1.00568E+00 2.47498E-03 1.00570E+00 1.55404E-03
 5.16913E+00 1.86508E-02 3.06900E+03 0.00000E+00
 9.93680E-01 9.94113E-01 1.02281E+00 5.27419E+00 5.27368E+00
 1.00656E+00 2.71027E-03 1.00659E+00 2.70260E-03 1.00541E+00
 2.52075E-03 1.00587E+00 2.38951E-03 1.00571E+00 1.57263E-03
 5.17097E+00 1.85534E-02 2.87300E+03 0.00000E+00
 1.03134E+00 1.02994E+00 1.02167E+00 5.25349E+00 5.25465E+00
 1.00723E+00 2.71976E-03 1.00723E+00 2.70322E-03 1.00585E+00
 2.49075E-03 1.00639E+00 2.38829E-03 1.00564E+00 1.56848E-03
 5.17250E+00 1.84069E-02 2.99000E+03 0.00000E+00
 9.82899E-01 9.82421E-01 1.00994E+00 5.18660E+00 5.18664E+00
 1.00659E+00 2.72355E-03 1.00657E+00 2.71088E-03 1.00595E+00
 2.42671E-03 1.00619E+00 2.32110E-03 1.00516E+00 1.57426E-03
 5.17262E+00 1.80104E-02 3.09300E+03 0.00000E+00
 1.00519E+00 1.00536E+00 1.00414E+00 5.14349E+00 5.14272E+00
 1.00655E+00 2.65303E-03 1.00654E+00 2.64064E-03 1.00591E+00
 2.36413E-03 1.00615E+00 2.25960E-03 1.00516E+00 1.59251E-03
 5.17146E+00 1.76490E-02 2.91000E+03 0.00000E+00
 9.89425E-01 9.90810E-01 9.91600E-01 5.22723E+00 5.22452E+00
 1.00612E+00 2.62107E-03 1.00615E+00 2.60365E-03 1.00555E+00
 2.33186E-03 1.00578E+00 2.23464E-03 1.00517E+00 1.62645E-03
 5.17141E+00 1.74069E-02 3.03300E+03 0.00000E+00
 1.01240E+00 1.01246E+00 9.99483E-01 5.19302E+00 5.19278E+00
 1.00628E+00 2.56092E-03 1.00630E+00 2.54402E-03 1.00540E+00
 2.27909E-03 1.00574E+00 2.18094E-03 1.00543E+00 1.62748E-03
 5.17326E+00 1.64424E-02 2.93300E+03 0.00000E+00
 9.96630E-01 9.97659E-01 1.00101E+00 5.10509E+00 5.10475E+00
 1.00605E+00 2.50974E-03 1.00610E+00 2.49122E-03 1.00530E+00
 2.22661E-03 1.00561E+00 2.13279E-03 1.00555E+00 1.67523E-03
 5.17084E+00 1.61294E-02 3.03800E+03 0.00000E+00
 9.87781E-01 9.89649E-01 9.99181E-01 5.26411E+00 5.26223E+00
 1.00562E+00 2.48722E-03 1.00571E+00 2.46248E-03 1.00516E+00
 2.17886E-03 1.00541E+00 2.09655E-03 1.00566E+00 1.70219E-03
 5.17314E+00 1.58770E-02 2.96000E+03 0.00000E+00
 1.01244E+00 1.01556E+00 1.00943E+00 5.08112E+00 5.07767E+00
 1.00578E+00 2.43497E-03 1.00594E+00 2.41624E-03 1.00525E+00
 2.13098E-03 1.00552E+00 2.06757E-03 1.00579E+00 1.71617E-03
 5.17248E+00 1.61227E-02 2.97000E+03 0.00000E+00
 1.00103E+00 9.98933E-01 9.99169E-01 5.21255E+00 5.21494E+00
 1.00567E+00 2.38258E-03 1.00578E+00 2.36706E-03 1.00512E+00
 2.08747E-03 1.00534E+00 2.01460E-03 1.00573E+00 1.75900E-03
 5.17340E+00 1.58590E-02 3.07600E+03 0.00000E+00
 1.00797E+00 1.00882E+00 1.02238E+00 5.08680E+00 5.08624E+00
 1.00572E+00 2.33074E-03 1.00585E+00 2.31597E-03 1.00549E+00
 2.07579E-03 1.00560E+00 1.98843E-03 1.00587E+00 1.79780E-03
 5.17043E+00 1.55987E-02 2.98800E+03 0.00000E+00
 9.85258E-01 9.86161E-01 1.00721E+00 5.21924E+00 5.21800E+00
 1.00529E+00 2.32180E-03 1.00543E+00 2.30455E-03 1.00553E+00
 2.03148E-03 1.00548E+00 1.95125E-03 1.00565E+00 1.79296E-03
 5.17128E+00 1.53468E-02 3.03200E+03 0.00000E+00
 1.01201E+00 1.01213E+00 1.01935E+00 5.26173E+00 5.26172E+00
 1.00543E+00 2.27723E-03 1.00557E+00 2.26034E-03 1.00582E+00
 2.00945E-03 1.00571E+00 1.92458E-03 1.00566E+00 1.81968E-03
 5.17277E+00 1.52548E-02 2.96800E+03 0.00000E+00
 1.00471E+00 1.00336E+00 9.94169E-01 5.04349E+00 5.04463E+00
 1.00541E+00 2.23032E-03 1.00552E+00 2.21419E-03 1.00558E+00
 1.98231E-03 1.00553E+00 1.88605E-03 1.00539E+00 1.82956E-03
 5.17424E+00 1.55535E-02 3.07700E+03 0.00000E+00
 1.01546E+00 1.01613E+00 1.00946E+00 5.09282E+00 5.09171E+00
 1.00561E+00 2.19448E-03 1.00574E+00 2.17980E-03 1.00566E+00
 1.94381E-03 1.00565E+00 1.85362E-03 1.00574E+00 1.87219E-03
 5.17100E+00 1.51619E-02 2.96500E+03 0.00000E+00
 1.02508E+00 1.02501E+00 1.00996E+00 5.06016E+00 5.06015E+00
 1.00599E+00 2.18462E-03 1.00611E+00 2.16980E-03 1.00574E+00
 1.90718E-03 1.00583E+00 1.82748E-03 1.00560E+00 1.92640E-03
 5.16882E+00 1.51989E-02 3.08000E+03 0.00000E+00
 1.01217E+00 1.01144E+00 1.00618E+00 5.20754E+00 5.20771E+00
 1.00611E+00 2.14549E-03 1.00622E+00 2.13013E-03 1.00575E+00
 1.87017E-03 1.00588E+00 1.79004E-03 1.00535E+00 2.00291E-03
 5.16987E+00 1.48834E-02 3.02900E+03 0.00000E+00
 9.82321E-01 9.82334E-01 9.93189E-01 5.16402E+00 5.16431E+00
 1.00566E+00 2.15196E-03 1.00577E+00 2.13758E-03 1.00551E+00
 1.84979E-03 1.00556E+00 1.78242E-03 1.00531E+00 2.07557E-03
 5.16970E+00 1.45838E-02 2.93500E+03 0.00000E+00
 1.00267E+00 1.00264E+00 1.00632E+00 5.19971E+00 5.20105E+00
 1.00561E+00 2.11246E-03 1.00571E+00 2.09842E-03 1.00553E+00
 1.81527E-03 1.00555E+00 1.74800E-03 1.00558E+00 2.07883E-03
 5.17071E+00 1.42484E-02 2.89700E+03 0.00000E+00
 1.00931E+00 1.00724E+00 1.01144E+00 5.17017E+00 5.17346E+00
 1.00568E+00 2.07479E-03 1.00574E+00 2.06010E-03 1.00564E+00
 1.78520E-03 1.00566E+00 1.71331E-03 1.00558E+00 2.13614E-03
 5.17139E+00 1.36467E-02 3.07600E+03 0.00000E+00
 1.00630E+00 1.00835E+00 1.02782E+00 5.23957E+00 5.23775E+00
 1.00569E+00 2.03743E-03 1.00578E+00 2.02352E-03 1.00603E+00
 1.79723E-03 1.00589E+00 1.70601E-03 1.00540E+00 2.20480E-03
 5.17284E+00 1.34360E-02 3.06300E+03 0.00000E+00
 1.02599E+00 1.02595E+00 1.02089E+00 5.20325E+00 5.20221E+00
 1.00604E+00 2.03283E-03 1.00614E+00 2.01895E-03 1.00629E+00
 1.78456E-03 1.00619E+00 1.70194E-03 1.00528E+00 2.12577E-03
 5.17412E+00 1.28729E-02 2.95900E+03 0.00000E+00
 1.01344E+00 1.01320E+00 1.02392E+00 5.20319E+00 5.20335E+00
 1.00617E+00 2.00154E-03 1.00626E+00 1.98756E-03 1.00660E+00
 1.77966E-03 1.00644E+00 1.68947E-03 1.00466E+00 2.14079E-03
 5.17436E+00 1.27436E-02 3.06100E+03 0.00000E+00
 9.93533E-01 9.94014E-01 1.00686E+00 5.12076E+00 5.11950E+00
 1.00596E+00 1.97895E-03 1.00605E+00 1.96458E-03 1.00660E+00
 1.74924E-03 1.00636E+00 1.66320E-03 1.00420E+00 2.10232E-03
 5.17355E+00 1.26481E-02 2.92600E+03 0.00000E+00
 1.03038E+00 1.03220E+00 1.02099E+00 5.15230E+00 5.14939E+00
 1.00636E+00 1.98782E-03 1.00649E+00 1.98013E-03 1.00684E+00
 1.73649E-03 1.00662E+00 1.66448E-03 1.00414E+00 2.15066E-03
 5.17324E+00 1.25363E-02 2.95500E+03 0.00000E+00
 1.02329E+00 1.02234E+00 1.02005E+00 5.12798E+00 5.12981E+00
 1.00664E+00 1.97455E-03 1.00675E+00 1.96466E-03 1.00706E+00
 1.72147E-03 1.00689E+00 1.65300E-03 1.00324E+00 2.09553E-03
 5.17311E+00 1.24570E-02 3.07500E+03 0.00000E+00
 1.00377E+00 1.00355E+00 9.99313E-01 5.42968E+00 5.42999E+00
 1.00660E+00 1.94299E-03 1.00669E+00 1.93340E-03 1.00693E+00
 1.69807E-03 1.00679E+00 1.62804E-03 1.00259E+00 2.10682E-03
 5.17888E+00 1.32390E-02 2.99400E+03 0.00000E+00
 9.95128E-01 9.95498E-01 1.00155E+00 4.99745E+00 4.99588E+00
 1.00641E+00 1.92055E-03 1.00652E+00 1.91074E-03 1.00685E+00
 1.67309E-03 1.00667E+00 1.60688E-03 1.00273E+00 2.20208E-03
 5.17279E+00 1.32633E-02 2.96600E+03 0.00000E+00
 1.00597E+00 1.00573E+00 1.01125E+00 5.09746E+00 5.09691E+00
 1.00641E+00 1.89032E-03 1.00650E+00 1.88069E-03 1.00692E+00
 1.64817E-03 1.00672E+00 1.58146E-03 1.00278E+00 2.27536E-03
 5.17135E+00 1.31300E-02 2.92400E+03 0.00000E+00
 9.82396E-01 9.81982E-01 9.98972E-01 5.17447E+00 5.17524E+00
 1.00604E+00 1.89731E-03 1.00613E+00 1.88958E-03 1.00679E+00
 1.62721E-03 1.00652E+00 1.57004E-03 1.00251E+00 2.33971E-03
 5.17132E+00 1.30179E-02 2.97900E+03 0.00000E+00
 1.00669E+00 1.00703E+00 1.00698E+00 5.02494E+00 5.02510E+00
 1.00605E+00 1.86837E-03 1.00614E+00 1.86078E-03 1.00680E+00
 1.60237E-03 1.00652E+00 1.54612E-03 1.00269E+00 2.38884E-03
 5.16837E+00 1.30760E-02 2.95900E+03 0.00000E+00
 9.86910E-01 9.87521E-01 9.99197E-01 5.00240E+00 5.00280E+00
 1.00576E+00 1.86231E-03 1.00586E+00 1.85374E-03 1.00668E+00
 1.58234E-03 1.00637E+00 1.53411E-03 1.00246E+00 2.48570E-03
 5.16594E+00 1.32760E-02 3.08100E+03 0.00000E+00
 9.81537E-01 9.82675E-01 1.00170E+00 5.07280E+00 5.07127E+00
 1.00541E+00 1.86898E-03 1.00552E+00 1.85784E-03 1.00661E+00
 1.56062E-03 1.00623E+00 1.52363E-03 1.00260E+00 2.56560E-03
 5.16458E+00 1.32330E-02 2.95700E+03 0.00000E+00
 9.86655E-01 9.88254E-01 9.97487E-01 5.23562E+00 5.23305E+00
 1.00513E+00 1.86164E-03 1.00527E+00 1.84774E-03 1.00648E+00
 1.54351E-03 1.00609E+00 1.51556E-03 1.00266E+00 2.64787E-03
 5.16668E+00 1.29313E-02 2.97900E+03 0.00000E+00
 1.01050E+00 1.00950E+00 1.01469E+00 5.20279E+00 5.20559E+00
 1.00521E+00 1.83645E-03 1.00533E+00 1.82216E-03 1.00659E+00
 1.52581E-03 1.00620E+00 1.49589E-03 1.00286E+00 2.75873E-03
 5.16719E+00 1.27873E-02 3.03300E+03 0.00000E+00
 9.96901E-01 9.95804E-01 1.00247E+00 5.33734E+00 5.33825E+00
 1.00509E+00 1.81418E-03 1.00520E+00 1.80132E-03 1.00654E+00
 1.50529E-03 1.00612E+00 1.47531E-03 1.00243E+00 2.84742E-03
 5.16961E+00 1.29462E-02 3.07400E+03 0.00000E+00
 9.89210E-01 9.89978E-01 9.94135E-01 5.29120E+00 5.29142E+00
 1.00487E+00 1.80236E-03 1.00499E+00 1.78866E-03 1.00636E+00
 1.49419E-03 1.00595E+00 1.46833E-03 1.00255E+00 2.99955E-03
 5.17151E+00 1.29273E-02 2.89600E+03 0.00000E+00
 9.99384E-01 1.00158E+00 9.88155E-01 4.99466E+00 4.99048E+00
 1.00480E+00 1.77908E-03 1.00494E+00 1.76460E-03 1.00611E+00
 1.49455E-03 1.00577E+00 1.46299E-03 1.00302E+00 3.12505E-03
 5.16634E+00 1.26753E-02 2.99000E+03 0.00000E+00
 9.86235E-01 9.87154E-01 1.00902E+00 5.13878E+00 5.13763E+00
 1.00455E+00 1.77271E-03 1.00470E+00 1.75711E-03 1.00615E+00
 1.47473E-03 1.00574E+00 1.44758E-03 1.00408E+00 3.30453E-03
 5.16598E+00 1.24299E-02 3.01100E+03 0.00000E+00
 9.98393E-01 9.97364E-01 1.00507E+00 5.30382E+00 5.30407E+00
 1.00446E+00 1.75084E-03 1.00460E+00 1.73628E-03 1.00614E+00
 1.45501E-03 1.00570E+00 1.42741E-03 1.00416E+00 3.56604E-03
 5.16740E+00 1.24614E-02 2.96400E+03 0.00000E+00
 1.01301E+00 1.01348E+00 1.01673E+00 5.03667E+00 5.03553E+00
 1.00458E+00 1.73130E-03 1.00472E+00 1.71726E-03 1.00628E+00
 1.44248E-03 1.00582E+00 1.41594E-03 1.00411E+00 3.77193E-03
 5.16451E+00 1.22201E-02 2.98700E+03 0.00000E+00
 9.65150E-01 9.63536E-01 9.77626E-01 5.23476E+00 5.23629E+00
 1.00406E+00 1.78374E-03 1.00418E+00 1.77720E-03 1.00591E+00
 1.47145E-03 1.00540E+00 1.45903E-03 1.00309E+00 4.02024E-03
 5.16589E+00 1.20205E-02 3.04000E+03 0.00000E+00
 1.01396E+00 1.01499E+00 1.00475E+00 5.28263E+00 5.28098E+00
 1.00419E+00 1.76529E-03 1.00432E+00 1.75973E-03 1.00589E+00
 1.45254E-03 1.00542E+00 1.43963E-03 1.00466E+00 3.14042E-03
 5.16764E+00 1.20087E-02 2.87000E+03 0.00000E+00
 1.01250E+00 1.01159E+00 1.01507E+00 5.23599E+00 5.23659E+00
 1.00430E+00 1.74597E-03 1.00441E+00 1.73975E-03 1.00601E+00
 1.43874E-03 1.00554E+00 1.42501E-03 1.00355E+00 3.40432E-03
 5.16893E+00 1.18416E-02 3.20000E+03 0.00000E+00
 9.90050E-01 9.89943E-01 9.95094E-01 5.13003E+00 5.12998E+00
 1.00412E+00 1.73318E-03 1.00423E+00 1.72736E-03 1.00587E+00
 1.42718E-03 1.00540E+00 1.41534E-03 1.00326E+00 3.64935E-03
 5.16845E+00 1.17535E-02 2.97300E+03 0.00000E+00
 1.01142E+00 1.01175E+00 1.01381E+00 5.19556E+00 5.19375E+00
 1.00421E+00 1.71403E-03 1.00433E+00 1.70843E-03 1.00597E+00
 1.41285E-03 1.00549E+00 1.40154E-03 1.00441E+00 3.84859E-03
 5.16864E+00 1.16624E-02 2.96200E+03 0.00000E+00
 1.01968E+00 1.01806E+00 1.00475E+00 5.02166E+00 5.02352E+00
 1.00440E+00 1.70347E-03 1.00449E+00 1.69576E-03 1.00595E+00
 1.39560E-03 1.00554E+00 1.37986E-03 1.00296E+00 4.17134E-03
 5.16549E+00 1.15968E-02 3.06000E+03 0.00000E+00
 1.00820E+00 1.00919E+00 9.97001E-01 4.97904E+00 4.97866E+00
 1.00444E+00 1.68344E-03 1.00455E+00 1.67616E-03 1.00585E+00
 1.38289E-03 1.00547E+00 1.36418E-03 1.00333E+00 4.50103E-03
 5.16208E+00 1.16230E-02 2.98900E+03 0.00000E+00
 9.97076E-01 9.97559E-01 9.85713E-01 5.36367E+00 5.36283E+00
 1.00436E+00 1.66559E-03 1.00447E+00 1.65817E-03 1.00561E+00
 1.38720E-03 1.00526E+00 1.36206E-03 1.00080E+00 5.33132E-03
 5.16381E+00 1.18051E-02 2.94600E+03 0.00000E+00
 1.01663E+00 1.01618E+00 1.01250E+00 5.13187E+00 5.13206E+00
 1.00450E+00 1.65221E-03 1.00460E+00 1.64433E-03 1.00569E+00
 1.37317E-03 1.00536E+00 1.34837E-03 1.00232E+00 8.17057E-03
 5.16335E+00 1.17133E-02 2.97400E+03 0.00000E+00
 1.00817E+00 1.00853E+00 1.00694E+00 5.17316E+00 5.17364E+00
 1.00454E+00 1.63344E-03 1.00465E+00 1.62574E-03 1.00570E+00
 1.35719E-03 1.00538E+00 1.33276E-03 1.00152E+00 1.02217E-02
 5.16341E+00 1.15670E-02 3.12100E+03 0.00000E+00
 1.01497E+00 1.01441E+00 1.00065E+00 5.32749E+00 5.32873E+00
 1.00466E+00 1.61899E-03 1.00476E+00 1.61085E-03 1.00564E+00
 1.34276E-03 1.00537E+00 1.31510E-03 1.00413E+00 1.11162E-02
 5.16566E+00 1.15995E-02 2.90200E+03 0.00000E+00
 1.00849E+00 1.00797E+00 1.01853E+00 5.32512E+00 5.32704E+00
 1.00471E+00 1.60108E-03 1.00480E+00 1.59286E-03 1.00579E+00
 1.33546E-03 1.00549E+00 1.30564E-03 0.00000E+00 0.00000E+00
 5.16793E+00 1.15995E-02 3.08800E+03 0.00000E+00
 1.00128E+00 1.00074E+00 1.02302E+00 5.17613E+00 5.17691E+00
 1.00467E+00 1.58346E-03 1.00475E+00 1.57552E-03 1.00598E+00
 1.33448E-03 1.00560E+00 1.29854E-03 0.00000E+00 0.00000E+00
 5.16796E+00 1.14549E-02 3.00200E+03 0.00000E+00
 9.73305E-01 9.73258E-01 9.86316E-01 5.43877E+00 5.43921E+00
 1.00432E+00 1.60407E-03 1.00440E+00 1.59674E-03 1.00577E+00
 1.33754E-03 1.00537E+00 1.31143E-03 0.00000E+00 0.00000E+00
 5.16925E+00 1.17884E-02 3.01500E+03 0.00000E+00
