         1         1         1        10
         1
   4.0000       5.0000       6.0000      -15.000      -15.000      -15.000    
   1.0000       1.0000       1.0000       1.0000    
  -15.000       4.0000       15.000       1.0000    
  -15.000       5.0000       15.000       1.0000    
  -15.000       6.0000       16.000       1.0000    
   100.00    
       0.           0.           0.           0.           0.           0.    
       0.           0.           0.           0.           0.           0.    
       0.           0.           0.           0.           0.           0.    
       0.           0.           0.           0.           0.           0.    
       0.           0.       6.5755           0.           0.           0.    
   8.9212           0.           0.           0.           0.           0.    
       0.           0.           0.           0.           0.           0.    
       0.           0.      0.92566      0.94353E-01  0.69750E-01  0.62565E-01
  0.46286E-01  0.10894      0.49548       6.3586      0.99131      0.61628E-01
  0.72083E-01  0.10368           0.       1.4476       1.4250           0.    
       0.           0.           0.           0.      0.15290      0.71198E-01
  0.45107E-01  0.39564E-01  0.34247E-01  0.53214E-01  0.35553      0.34219    
  0.48514      0.38308E-01  0.51646E-01  0.65944E-01       0.           0.    
   1.5050           0.           0.           0.           0.           0.    
       0.           0.           0.       2.2100       14.589       17.972    
       0.       1.8943           0.           0.           0.           0.    
       0.           0.           0.           0.           0.           0.    
       0.           0.           0.           0.           0.           0.    
       0.           0.           0.           0.           0.           0.    
       0.           0.           0.           0.           0.           0.    
