analog calculation of mfe problem, except for .01 MeV energy cutoff
 1     0        (1 -21):-2
 2     1 -2.03  -1  -3   2
 3     1 -2.03  -1  -4   3
 4     1 -2.03  -1  -5   4
 5     1 -2.03  -1  -6   5
 6     1 -2.03  -1  -7   6
 7     1 -2.03  -1  -8   7
 8     1 -2.03  -1  -9   8
 9     1 -2.03  -1  -10  9
10     1 -2.03  -1  -11  10
11     1 -2.03  -1  -12  11
12     1 -2.03  -1  -13  12
13     1 -2.03  -1  -14  13
14     1 -2.03  -1  -15  14
15     1 -2.03  -1  -16  15
16     1 -2.03  -1  -17  16
17     1 -2.03  -1  -18  17
18     1 -2.03  -1  -19  18
19     1 -2.03  -1  -20  19
20     0        -1  -21  20
21     1 -.0203 -1  -22  21
22     0         1   21 -22
23     0                 22
 
 1     cy  100
 2     py  0
 3     py  10
 4     py  20
 5     py  30
 6     py  40
 7     py  50
 8     py  60
 9     py  70
10     py  80
11     py  90
12     py  100
13     py  110
14     py  120
15     py  130
16     py  140
17     py  150
18     py  160
19     py  170
20     py  180
21     py  2000
22     py  2010
 
c        the following is  pseudo-concrete
m1    1001 -.010      6012 -.001      8016 -.529
     13027 -.034     14000 -.337     26000 -.014
sdef   x=0 y=1.e-6 z=0 cel=2 wgt=1  erg=d1
si1    2 2.00000001 14 14.00000001
sp1   0 .5 .5 1
nps   100000
f1:n  20
f4:n  21
cut:n j 0.01  0 0   $ .01 Mev energy cutoff
fy5:n 2005 200 0
dd5   -5.e-18
dd1   -3.e-10
pd0   0 19r 1 0 0
ext:n 0 .7y 16r 0 4r
fcl:n 0 19r 1 0 0
dxt:n 0 2005 0 100.2 100.2 
dxc:n 0 .01 8r .016 .032 .064 .128 .25 .5 1 1 1 0 3r
wwg 5 2 0 0 2005 0
wwge:n .1 2.01 13.9 100
c mplot tally 5 tfc m
wwe:n 1.0000E-01  2.0100E+00  1.3900E+01  1.0000E+02
wwn1:n  -1.0000E+00  20.         20.         20.         20.       
         20.         20.         20.         20.         20.       
         20.         5.          1.          .2          .02
         .002        .0003       5.7035E-05  1.5996E-05  0.0000E+00
         0.          0.0000E+00 -1.0000E+00
wwn2:n  -1.0000E+00  4.          4.          4.          4.        
         4.          4.          4.          4.          4.        
         2.6523E+00  1.2598E-01  3.9091E-02  1.6071E-03  4.0000E-04
         8.0000E-05  4.2936E-05  5.7152E-06  3.0000E-06  0.0000E+00
         0.          0.0000E+00 -1.0000E+00
wwn3:n  -1.0000E+00  0.9         5.8078E-01  2.6818E-01  1.2206E-01
         3.7383E-02  5.9539E-03  4.3697E-03  2.2019E-03  6.3324E-04
         2.0000E-04  1.1691E-04  5.1585E-05  3.0000E-05  1.0000E-05
         5.0000E-06  4.0000E-06  3.0000E-06  3.0000E-06  0.0000E+00
         0.          0.0000E+00 -1.0000E+00
wwn4:n  -1.0000E+00  5.0000E-01  1.7473E-01  7.5007E-02  3.5717E-02
         1.3878E-02  4.7117E-03  1.3020E-03  7.3584E-04  3.0848E-04
         1.4364E-04  7.0384E-05  6.5234E-05  3.8834E-05  2.9889E-05
         1.0544E-05  5.5095E-06  3.4483E-06  3.0000E-06  0.0000E+00
         0.          0.0000E+00 -1.0000E+00
prdmp 2j -1 j -3232
c                         


