                                       2        1000        5923684
 testprob20 - continuous energy electron version of problem prob19.             
ntal    10
    1    6   28   11   21   31   41   51   58    8
tally    1    2    0
f        2
     13     14
d        1
u        0
s        0
m        0
c        0
et      12
  1.00000E-01  1.91000E-01  2.82000E-01  3.73000E-01  4.64000E-01  5.55000E-01
  6.45000E-01  7.36000E-01  8.27000E-01  9.18000E-01  1.10000E+00
t        0
vals
  0.00000E+00 0.0000  0.00000E+00 0.0000  0.00000E+00 0.0000  0.00000E+00 0.0000
  0.00000E+00 0.0000  7.71726E-03 0.2563  6.01380E-03 0.3718  2.69912E-03 0.4990
  3.78583E-03 0.4462  2.57875E-03 0.5767  5.04481E-03 0.4465  2.78396E-02 0.1616
  0.00000E+00 0.0000  0.00000E+00 0.0000  0.00000E+00 0.0000  0.00000E+00 0.0000
  0.00000E+00 0.0000  0.00000E+00 0.0000  0.00000E+00 0.0000  0.00000E+00 0.0000
  0.00000E+00 0.0000  0.00000E+00 0.0000  0.00000E+00 0.0000  0.00000E+00 0.0000
tfc    1       1       1       1       1       1       1      12       1
       1000  2.78396E-02  1.61605E-01
tally    6    2    0
f        1
      2
d        1
u        0
s        0
m        0
c        0
et      12
  1.00000E-01  1.91000E-01  2.82000E-01  3.73000E-01  4.64000E-01  5.55000E-01
  6.45000E-01  7.36000E-01  8.27000E-01  9.18000E-01  1.10000E+00
t        0
vals
  0.00000E+00 0.0000  0.00000E+00 0.0000  0.00000E+00 0.0000  0.00000E+00 0.0000
  0.00000E+00 0.0000  3.35333E-06 0.2663  1.76280E-06 0.3780  8.98533E-07 0.3755
  3.86995E-06 0.5287  5.63301E-07 0.4246  8.21842E-07 0.3677  1.12697E-05 0.2223
tfc    1       1       1       1       1       1       1      12       1
       1000  1.12697E-05  2.22266E-01
tally   28    2    0
f        1
      2
d        1
u        0
s        0
m        0
c        0
et      15
 -1.00000E-03  0.00000E+00  1.00000E-06  1.00000E-01  1.91000E-01  2.82000E-01
  3.73000E-01  4.64000E-01  5.55000E-01  6.45000E-01  7.36000E-01  8.27000E-01
  9.18000E-01  1.10000E+00
t        0
vals
 -4.20986E-02 0.2487  0.00000E+00 0.0000  0.00000E+00 0.0000  1.59817E-03 0.2372
  5.89100E-02 0.0390  4.77086E-02 0.0622  3.44565E-02 0.0921  2.79786E-02 0.1183
  2.04704E-02 0.1551  1.88673E-02 0.1741  1.44038E-02 0.2161  6.22013E-03 0.3523
  1.05265E-02 0.2870  1.77895E-02 0.2340  2.16831E-01 0.0602
tfc    1       1       1       1       1       1       1      15       1
       1000  2.16831E-01  6.02446E-02
tally   11    4    0
f        2
     13     14
d        1
u        0
s        0
m        0
c        0
et      12
  1.00000E-01  1.91000E-01  2.82000E-01  3.73000E-01  4.64000E-01  5.55000E-01
  6.45000E-01  7.36000E-01  8.27000E-01  9.18000E-01  1.10000E+00
t        0
vals
  0.00000E+00 0.0000  0.00000E+00 0.0000  2.58606E-04 0.9995  2.62785E-03 0.4679
  1.16128E-03 0.5766  2.06127E-03 0.4996  1.76694E-03 0.5765  0.00000E+00 0.0000
  3.19556E-03 0.4992  0.00000E+00 0.0000  4.93464E-03 0.4468  1.60061E-02 0.2575
  0.00000E+00 0.0000  0.00000E+00 0.0000  0.00000E+00 0.0000  0.00000E+00 0.0000
  0.00000E+00 0.0000  0.00000E+00 0.0000  0.00000E+00 0.0000  0.00000E+00 0.0000
  0.00000E+00 0.0000  0.00000E+00 0.0000  0.00000E+00 0.0000  0.00000E+00 0.0000
tfc    1       1       1       1       1       1       1      12       1
       1000  1.60061E-02  2.57472E-01
tally   21    4    0
f        2
     13     14
d        1
u        0
s        0
m        0
c        0
et      12
  1.00000E-01  1.91000E-01  2.82000E-01  3.73000E-01  4.64000E-01  5.55000E-01
  6.45000E-01  7.36000E-01  8.27000E-01  9.18000E-01  1.10000E+00
t        0
vals
  0.00000E+00 0.0000  0.00000E+00 0.0000  1.00000E-03 0.9995  8.00000E-03 0.4666
  3.00000E-03 0.5765  4.00000E-03 0.4990  3.00000E-03 0.5765  0.00000E+00 0.0000
  4.00000E-03 0.4990  0.00000E+00 0.0000  5.00000E-03 0.4461  2.80000E-02 0.2654
  0.00000E+00 0.0000  0.00000E+00 0.0000  0.00000E+00 0.0000  0.00000E+00 0.0000
  0.00000E+00 0.0000  0.00000E+00 0.0000  0.00000E+00 0.0000  0.00000E+00 0.0000
  0.00000E+00 0.0000  0.00000E+00 0.0000  0.00000E+00 0.0000  0.00000E+00 0.0000
tfc    1       1       1       1       1       1       1      12       1
       1000  2.80000E-02  2.65384E-01
tally   31    4    0
f        2
     13     14
d        1
u        0
s        0
m        0
c        0
et      12
  1.00000E-01  1.91000E-01  2.82000E-01  3.73000E-01  4.64000E-01  5.55000E-01
  6.45000E-01  7.36000E-01  8.27000E-01  9.18000E-01  1.10000E+00
t        0
vals
  0.00000E+00 0.0000  0.00000E+00 0.0000 -1.00000E-03 0.9995 -8.00000E-03 0.4666
 -3.00000E-03 0.5765 -4.00000E-03 0.4990 -3.00000E-03 0.5765  0.00000E+00 0.0000
 -4.00000E-03 0.4990  0.00000E+00 0.0000 -3.00000E-03 0.7447 -2.60000E-02 0.2861
  0.00000E+00 0.0000  0.00000E+00 0.0000  0.00000E+00 0.0000  0.00000E+00 0.0000
  0.00000E+00 0.0000  0.00000E+00 0.0000  0.00000E+00 0.0000  0.00000E+00 0.0000
  0.00000E+00 0.0000  0.00000E+00 0.0000  0.00000E+00 0.0000  0.00000E+00 0.0000
tfc    1       1       1       1       1       1       1      12       1
       1000 -2.60000E-02  2.86077E-01
tally   41    4    0
f        2
     13     14
d        1
ut       3
s        0
m        0
c        0
et      12
  1.00000E-01  1.91000E-01  2.82000E-01  3.73000E-01  4.64000E-01  5.55000E-01
  6.45000E-01  7.36000E-01  8.27000E-01  9.18000E-01  1.10000E+00
t        0
vals
  0.00000E+00 0.0000  0.00000E+00 0.0000  0.00000E+00 0.0000  0.00000E+00 0.0000
  0.00000E+00 0.0000  0.00000E+00 0.0000  0.00000E+00 0.0000  0.00000E+00 0.0000
  0.00000E+00 0.0000  0.00000E+00 0.0000  1.00000E-03 0.9995  1.00000E-03 0.9995
  0.00000E+00 0.0000  0.00000E+00 0.0000  1.00000E-03 0.9995  8.00000E-03 0.4666
  3.00000E-03 0.5765  4.00000E-03 0.4990  3.00000E-03 0.5765  0.00000E+00 0.0000
  4.00000E-03 0.4990  0.00000E+00 0.0000  4.00000E-03 0.4990  2.70000E-02 0.2728
  0.00000E+00 0.0000  0.00000E+00 0.0000  1.00000E-03 0.9995  8.00000E-03 0.4666
  3.00000E-03 0.5765  4.00000E-03 0.4990  3.00000E-03 0.5765  0.00000E+00 0.0000
  4.00000E-03 0.4990  0.00000E+00 0.0000  5.00000E-03 0.4461  2.80000E-02 0.2654
  0.00000E+00 0.0000  0.00000E+00 0.0000  0.00000E+00 0.0000  0.00000E+00 0.0000
  0.00000E+00 0.0000  0.00000E+00 0.0000  0.00000E+00 0.0000  0.00000E+00 0.0000
  0.00000E+00 0.0000  0.00000E+00 0.0000  0.00000E+00 0.0000  0.00000E+00 0.0000
  0.00000E+00 0.0000  0.00000E+00 0.0000  0.00000E+00 0.0000  0.00000E+00 0.0000
  0.00000E+00 0.0000  0.00000E+00 0.0000  0.00000E+00 0.0000  0.00000E+00 0.0000
  0.00000E+00 0.0000  0.00000E+00 0.0000  0.00000E+00 0.0000  0.00000E+00 0.0000
  0.00000E+00 0.0000  0.00000E+00 0.0000  0.00000E+00 0.0000  0.00000E+00 0.0000
  0.00000E+00 0.0000  0.00000E+00 0.0000  0.00000E+00 0.0000  0.00000E+00 0.0000
  0.00000E+00 0.0000  0.00000E+00 0.0000  0.00000E+00 0.0000  0.00000E+00 0.0000
tfc    1       1       1       3       1       1       1      12       1
       1000  2.80000E-02  2.65384E-01
tally   51    4    0
f        2
     13     14
d        1
ut       3
s        0
m        0
c        0
et      12
  1.00000E-01  1.91000E-01  2.82000E-01  3.73000E-01  4.64000E-01  5.55000E-01
  6.45000E-01  7.36000E-01  8.27000E-01  9.18000E-01  1.10000E+00
t        0
vals
  0.00000E+00 0.0000  0.00000E+00 0.0000  0.00000E+00 0.0000  0.00000E+00 0.0000
  0.00000E+00 0.0000  0.00000E+00 0.0000  0.00000E+00 0.0000  0.00000E+00 0.0000
  0.00000E+00 0.0000  0.00000E+00 0.0000  1.00000E-03 0.9995  1.00000E-03 0.9995
  0.00000E+00 0.0000  0.00000E+00 0.0000 -1.00000E-03 0.9995 -8.00000E-03 0.4666
 -3.00000E-03 0.5765 -4.00000E-03 0.4990 -3.00000E-03 0.5765  0.00000E+00 0.0000
 -4.00000E-03 0.4990  0.00000E+00 0.0000 -4.00000E-03 0.4990 -2.70000E-02 0.2728
  0.00000E+00 0.0000  0.00000E+00 0.0000 -1.00000E-03 0.9995 -8.00000E-03 0.4666
 -3.00000E-03 0.5765 -4.00000E-03 0.4990 -3.00000E-03 0.5765  0.00000E+00 0.0000
 -4.00000E-03 0.4990  0.00000E+00 0.0000 -3.00000E-03 0.7447 -2.60000E-02 0.2861
  0.00000E+00 0.0000  0.00000E+00 0.0000  0.00000E+00 0.0000  0.00000E+00 0.0000
  0.00000E+00 0.0000  0.00000E+00 0.0000  0.00000E+00 0.0000  0.00000E+00 0.0000
  0.00000E+00 0.0000  0.00000E+00 0.0000  0.00000E+00 0.0000  0.00000E+00 0.0000
  0.00000E+00 0.0000  0.00000E+00 0.0000  0.00000E+00 0.0000  0.00000E+00 0.0000
  0.00000E+00 0.0000  0.00000E+00 0.0000  0.00000E+00 0.0000  0.00000E+00 0.0000
  0.00000E+00 0.0000  0.00000E+00 0.0000  0.00000E+00 0.0000  0.00000E+00 0.0000
  0.00000E+00 0.0000  0.00000E+00 0.0000  0.00000E+00 0.0000  0.00000E+00 0.0000
  0.00000E+00 0.0000  0.00000E+00 0.0000  0.00000E+00 0.0000  0.00000E+00 0.0000
  0.00000E+00 0.0000  0.00000E+00 0.0000  0.00000E+00 0.0000  0.00000E+00 0.0000
tfc    1       1       1       3       1       1       1      12       1
       1000 -2.60000E-02  2.86077E-01
tally   58    4    0
f        1
      2
d        1
u        0
s        0
m        0
c        0
et      15
 -1.00000E-03  0.00000E+00  1.00000E-06  1.00000E-01  1.91000E-01  2.82000E-01
  3.73000E-01  4.64000E-01  5.55000E-01  6.45000E-01  7.36000E-01  8.27000E-01
  9.18000E-01  1.10000E+00
t        0
vals
  3.30000E-02 0.1712  0.00000E+00 0.0000  0.00000E+00 0.0000  1.80000E-02 0.2336
  4.09000E-01 0.0380  2.08000E-01 0.0617  1.06000E-01 0.0918  6.70000E-02 0.1180
  4.00000E-02 0.1549  3.20000E-02 0.1739  2.10000E-02 0.2159  8.00000E-03 0.3521
  1.20000E-02 0.2869  1.80000E-02 0.2336  9.72000E-01 0.0054
tfc    1       1       1       1       1       1       1      15       1
       1000  9.72000E-01  5.36718E-03
tally    8    6    0
f        1
      2
d        1
u        0
s        0
m        0
c        0
e        1
  1.00000E+03
t        0
vals
  2.63140E-01 0.0583
tfc    1       1       1       1       1       1       1       1       1
       1000  2.63140E-01  5.82540E-02
