                                       2        2000        1420239
 testprob19 - multigroup boltzman-fokker-planck ver. of testprob20.             
ntal     2
    1    4
tally    1    1    0
     50 group-electrons  30 group-photons                                       
f        2
     26     25
d        1
ut       3
s        0
m        0
c        0
et      12
  1.00000E-01  1.91000E-01  2.82000E-01  3.73000E-01  4.64000E-01  5.55000E-01
  6.45000E-01  7.36000E-01  8.27000E-01  9.18000E-01  1.10000E+00
t        0
vals
  0.00000E+00 0.0000  7.90362E-04 0.3047  2.29088E-03 0.2429  3.66260E-03 0.2127
  4.73071E-03 0.2170  1.60253E-02 0.1304  2.51767E-02 0.1096  3.16168E-02 0.1062
  5.74266E-02 0.0818  1.08570E-01 0.0619  1.87722E-01 0.0469  4.38012E-01 0.0246
  0.00000E+00 0.0000  1.55815E-03 0.2109  1.30853E-03 0.2930  8.15676E-04 0.4484
  8.07012E-04 0.5002  0.00000E+00 0.0000  6.28033E-04 0.7069  3.28684E-04 0.9997
  3.68486E-04 0.9997  0.00000E+00 0.0000  0.00000E+00 0.0000  5.81457E-03 0.1701
  0.00000E+00 0.0000  2.34851E-03 0.1728  3.59941E-03 0.1871  4.47827E-03 0.1918
  5.53772E-03 0.1988  1.60253E-02 0.1304  2.58048E-02 0.1082  3.19455E-02 0.1056
  5.77951E-02 0.0815  1.08570E-01 0.0619  1.87722E-01 0.0469  4.43827E-01 0.0241
  0.00000E+00 0.0000  1.39600E-03 0.2372  2.08394E-03 0.2472  3.68355E-03 0.2186
  9.01304E-03 0.1512  1.64120E-02 0.1250  2.26533E-02 0.1179  4.10927E-02 0.0938
  8.34258E-02 0.0670  7.64400E-02 0.0756  3.73569E-03 0.3529  2.59936E-01 0.0351
  0.00000E+00 0.0000  1.67880E-03 0.2117  1.72112E-03 0.2596  1.80684E-03 0.3019
  1.00792E-03 0.4474  1.00016E-03 0.4996  0.00000E+00 0.0000  1.00481E-03 0.5772
  0.00000E+00 0.0000  4.17311E-04 0.9997  0.00000E+00 0.0000  8.63696E-03 0.1444
  0.00000E+00 0.0000  3.07480E-03 0.1572  3.80506E-03 0.1785  5.49039E-03 0.1765
  1.00210E-02 0.1429  1.74122E-02 0.1211  2.26533E-02 0.1179  4.20975E-02 0.0924
  8.34258E-02 0.0670  7.68574E-02 0.0753  3.73569E-03 0.3529  2.68573E-01 0.0339
tfc    2       1       1       3       1       1       1      12       1
       1000  4.45007E-01  3.40651E-02
       2000  4.43827E-01  2.41282E-02
tally    4    1    0
f        1
      4
d        1
u        0
s        0
m        1
c        0
e        0
t        0
vals
  2.86716E-01 0.0220
tfc    2       1       1       1       1       1       1       1       1
       1000  2.90169E-01  3.06211E-02
       2000  2.86716E-01  2.20135E-02
