                                       2       49997        2580808
 godiva sphere                                                                  
ntal     0

kcode   50   10   19
 1.35110E+00 1.34357E+00 1.33337E+00 8.98711E-01 9.03657E-01
 0.00000E+00 0.00000E+00 0.00000E+00 0.00000E+00 0.00000E+00
 0.00000E+00 0.00000E+00 0.00000E+00 9.96112E-01 8.10378E-03
 0.00000E+00 0.00000E+00 1.00000E+03 0.00000E+00
 1.13517E+00 1.13552E+00 1.13635E+00 7.19559E-01 7.20412E-01
 0.00000E+00 0.00000E+00 0.00000E+00 0.00000E+00 0.00000E+00
 0.00000E+00 0.00000E+00 0.00000E+00 9.91780E-01 4.65127E-03
 0.00000E+00 0.00000E+00 1.34600E+03 0.00000E+00
 1.07259E+00 1.07266E+00 1.05183E+00 6.67760E-01 6.66266E-01
 0.00000E+00 0.00000E+00 0.00000E+00 0.00000E+00 0.00000E+00
 0.00000E+00 0.00000E+00 0.00000E+00 9.88682E-01 3.54763E-03
 0.00000E+00 0.00000E+00 8.36000E+02 0.00000E+00
 9.78432E-01 9.79062E-01 9.83360E-01 6.26221E-01 6.24600E-01
 0.00000E+00 0.00000E+00 0.00000E+00 0.00000E+00 0.00000E+00
 0.00000E+00 0.00000E+00 0.00000E+00 9.87238E-01 3.28149E-03
 0.00000E+00 0.00000E+00 9.11000E+02 0.00000E+00
 1.01121E+00 1.00704E+00 1.02598E+00 6.74691E-01 6.75120E-01
 0.00000E+00 0.00000E+00 0.00000E+00 0.00000E+00 0.00000E+00
 0.00000E+00 0.00000E+00 0.00000E+00 9.87357E-01 3.35561E-03
 0.00000E+00 0.00000E+00 9.23000E+02 0.00000E+00
 1.01269E+00 1.01056E+00 1.01945E+00 6.49837E-01 6.49629E-01
 0.00000E+00 0.00000E+00 0.00000E+00 0.00000E+00 0.00000E+00
 0.00000E+00 0.00000E+00 0.00000E+00 9.86701E-01 3.33759E-03
 0.00000E+00 0.00000E+00 1.06000E+03 0.00000E+00
 9.81864E-01 9.80871E-01 9.72315E-01 5.98940E-01 6.00922E-01
 0.00000E+00 0.00000E+00 0.00000E+00 0.00000E+00 0.00000E+00
 0.00000E+00 0.00000E+00 0.00000E+00 9.86033E-01 3.33421E-03
 0.00000E+00 0.00000E+00 9.98000E+02 0.00000E+00
 9.89645E-01 9.87157E-01 9.77758E-01 6.30986E-01 6.28657E-01
 0.00000E+00 0.00000E+00 0.00000E+00 0.00000E+00 0.00000E+00
 0.00000E+00 0.00000E+00 0.00000E+00 9.86283E-01 3.40091E-03
 0.00000E+00 0.00000E+00 9.90000E+02 0.00000E+00
 9.81001E-01 9.74926E-01 9.86468E-01 6.25316E-01 6.25089E-01
 0.00000E+00 0.00000E+00 0.00000E+00 0.00000E+00 0.00000E+00
 0.00000E+00 0.00000E+00 0.00000E+00 9.86408E-01 3.47748E-03
 0.00000E+00 0.00000E+00 1.02800E+03 0.00000E+00
 1.02241E+00 1.02202E+00 9.95943E-01 6.37454E-01 6.36774E-01
 0.00000E+00 0.00000E+00 0.00000E+00 0.00000E+00 0.00000E+00
 0.00000E+00 0.00000E+00 0.00000E+00 9.86460E-01 3.55838E-03
 0.00000E+00 0.00000E+00 9.71000E+02 0.00000E+00
 9.95243E-01 9.93636E-01 9.98924E-01 6.33440E-01 6.31388E-01
 0.00000E+00 0.00000E+00 0.00000E+00 0.00000E+00 0.00000E+00
 0.00000E+00 0.00000E+00 0.00000E+00 9.86020E-01 3.62543E-03
 0.00000E+00 0.00000E+00 1.02100E+03 0.00000E+00
 9.90972E-01 9.94114E-01 9.85197E-01 6.39007E-01 6.39057E-01
 9.93108E-01 2.13505E-03 9.93875E-01 2.39328E-04 9.92061E-01
 6.86327E-03 0.00000E+00 0.00000E+00 9.85726E-01 3.70774E-03
 0.00000E+00 0.00000E+00 1.01500E+03 0.00000E+00
 9.80764E-01 9.78753E-01 9.92747E-01 6.21101E-01 6.20884E-01
 9.88993E-01 4.29533E-03 9.88834E-01 5.04264E-03 9.92289E-01
 3.96912E-03 0.00000E+00 0.00000E+00 9.85685E-01 3.81234E-03
 0.00000E+00 0.00000E+00 9.99000E+02 0.00000E+00
 1.01931E+00 1.02460E+00 1.00168E+00 6.39491E-01 6.39351E-01
 9.96573E-01 8.16561E-03 9.97777E-01 9.62707E-03 9.94638E-01
 3.65980E-03 9.98269E-01 4.78861E-03 9.85601E-01 3.91522E-03
 6.31141E-01 1.56651E-03 9.81000E+02 0.00000E+00
 1.00145E+00 1.00138E+00 1.00066E+00 6.52789E-01 6.53123E-01
 9.97549E-01 6.39998E-03 9.98498E-01 7.49186E-03 9.95843E-01
 3.08030E-03 9.98452E-01 2.72118E-03 9.84911E-01 3.98387E-03
 6.35214E-01 4.97888E-03 1.00500E+03 0.00000E+00
 1.00884E+00 1.01437E+00 9.82666E-01 6.09646E-01 6.09713E-01
 9.99430E-01 5.55382E-03 1.00114E+00 6.66443E-03 9.93647E-01
 3.33893E-03 9.95269E-01 4.66805E-03 9.84450E-01 4.07460E-03
 6.31689E-01 4.38732E-03 9.65000E+02 0.00000E+00
 9.76844E-01 9.78972E-01 1.01494E+00 6.36164E-01 6.37062E-01
 9.96204E-01 5.69585E-03 9.97975E-01 6.46187E-03 9.96689E-01
 4.14917E-03 9.94924E-01 4.18682E-03 9.84118E-01 4.22108E-03
 6.32534E-01 3.37582E-03 1.02400E+03 0.00000E+00
 9.46877E-01 9.42807E-01 9.56156E-01 5.75255E-01 5.76273E-01
 9.90038E-01 7.89613E-03 9.91079E-01 8.88098E-03 9.91622E-01
 6.21142E-03 9.86930E-01 5.88199E-03 9.83541E-01 4.30171E-03
 6.29826E-01 4.33137E-03 9.74000E+02 0.00000E+00
 9.77287E-01 9.76973E-01 9.77141E-01 6.20303E-01 6.20291E-01
 9.88621E-01 7.10639E-03 9.89512E-01 7.98757E-03 9.90013E-01
 5.70937E-03 9.85790E-01 5.11679E-03 9.84439E-01 4.28753E-03
 6.26836E-01 4.75667E-03 9.54000E+02 0.00000E+00
 1.03350E+00 1.03614E+00 1.02057E+00 6.10831E-01 6.09432E-01
 9.93109E-01 7.78099E-03 9.94175E-01 8.53149E-03 9.93069E-01
 5.95089E-03 9.88879E-01 5.97548E-03 9.84682E-01 4.42517E-03
 6.26669E-01 4.30286E-03 1.08700E+03 0.00000E+00
 1.00950E+00 1.01296E+00 9.80862E-01 6.28487E-01 6.30054E-01
 9.94600E-01 7.19423E-03 9.95883E-01 7.90375E-03 9.91959E-01
 5.49598E-03 9.88291E-01 5.45032E-03 9.83101E-01 4.33318E-03
 6.28495E-01 4.39564E-03 1.08100E+03 0.00000E+00
 9.90518E-01 9.93209E-01 9.87824E-01 6.04383E-01 6.05573E-01
 9.94259E-01 6.57621E-03 9.95660E-01 7.21855E-03 9.91614E-01
 5.02894E-03 9.87697E-01 5.13508E-03 9.82569E-01 4.51111E-03
 6.27223E-01 4.29818E-03 9.44000E+02 0.00000E+00
 1.02076E+00 1.02164E+00 1.02082E+00 6.35731E-01 6.35986E-01
 9.96298E-01 6.38345E-03 9.97658E-01 6.93421E-03 9.93861E-01
 5.14251E-03 9.90161E-01 5.47786E-03 9.82163E-01 4.69443E-03
 6.27639E-01 3.91004E-03 1.00100E+03 0.00000E+00
 9.87147E-01 9.87121E-01 9.72897E-01 5.75722E-01 5.76865E-01
 9.95644E-01 5.94596E-03 9.96906E-01 6.46381E-03 9.92363E-01
 4.99097E-03 9.89288E-01 5.00280E-03 9.80542E-01 4.60892E-03
 6.26488E-01 4.33211E-03 9.85000E+02 0.00000E+00
 1.04753E+00 1.04618E+00 1.03802E+00 6.80219E-01 6.79019E-01
 9.99104E-01 6.52747E-03 1.00019E+00 6.85587E-03 9.95407E-01
 5.55465E-03 9.94597E-01 6.27702E-03 9.80636E-01 4.82131E-03
 6.28494E-01 4.08809E-03 9.52000E+02 0.00000E+00
 9.70462E-01 9.73358E-01 9.64488E-01 6.14070E-01 6.14207E-01
 9.97313E-01 6.36289E-03 9.98514E-01 6.62873E-03 9.93475E-01
 5.54363E-03 9.93106E-01 6.42641E-03 9.78036E-01 4.25793E-03
 6.28596E-01 3.83566E-03 1.04000E+03 0.00000E+00
 9.57687E-01 9.65701E-01 9.59702E-01 5.88282E-01 5.86163E-01
 9.94983E-01 6.41535E-03 9.96584E-01 6.51891E-03 9.91488E-01
 5.57341E-03 9.93310E-01 6.67020E-03 9.78415E-01 4.48485E-03
 6.24867E-01 5.07557E-03 9.37000E+02 0.00000E+00
 9.80434E-01 9.77234E-01 9.57171E-01 5.94945E-01 5.96645E-01
 9.94174E-01 6.10221E-03 9.95509E-01 6.23939E-03 9.89582E-01
 5.58983E-03 9.90627E-01 6.47323E-03 9.79254E-01 4.82710E-03
 6.23807E-01 4.90868E-03 9.66000E+02 0.00000E+00
 9.33082E-01 9.31041E-01 9.55664E-01 5.82341E-01 5.83593E-01
 9.90959E-01 6.60727E-03 9.92116E-01 6.80770E-03 9.87797E-01
 5.58067E-03 9.87367E-01 6.30717E-03 9.80010E-01 5.01280E-03
 6.22901E-01 4.83193E-03 1.01900E+03 0.00000E+00
 9.96663E-01 1.00197E+00 1.02659E+00 6.52800E-01 6.51726E-01
 9.91244E-01 6.27469E-03 9.92608E-01 6.47711E-03 9.89736E-01
 5.63847E-03 9.88243E-01 6.26936E-03 9.81277E-01 4.76737E-03
 6.22586E-01 4.47709E-03 9.41000E+02 0.00000E+00
 1.02059E+00 1.01845E+00 9.86412E-01 6.53702E-01 6.53375E-01
 9.92641E-01 6.12979E-03 9.93839E-01 6.28266E-03 9.89578E-01
 5.36559E-03 9.88837E-01 5.92223E-03 9.78124E-01 4.45150E-03
 6.22781E-01 4.21826E-03 1.06300E+03 0.00000E+00
 9.34529E-01 9.34174E-01 9.62667E-01 6.11235E-01 6.08532E-01
 9.90000E-01 6.41373E-03 9.91127E-01 6.57560E-03 9.88355E-01
 5.26009E-03 9.86960E-01 5.76514E-03 9.77163E-01 4.62704E-03
 6.20944E-01 4.44998E-03 1.02100E+03 0.00000E+00
 9.65338E-01 9.61392E-01 9.67170E-01 5.95768E-01 5.96402E-01
 9.88928E-01 6.22163E-03 9.89834E-01 6.41483E-03 9.87434E-01
 5.10989E-03 9.86067E-01 5.40947E-03 9.78680E-01 4.43455E-03
 6.20944E-01 4.24944E-03 9.64000E+02 0.00000E+00
 9.98023E-01 9.89311E-01 1.02554E+00 6.64677E-01 6.67305E-01
 9.89307E-01 5.96880E-03 9.89812E-01 6.14177E-03 9.89021E-01
 5.14352E-03 9.88885E-01 5.35214E-03 9.79568E-01 4.43757E-03
 6.22296E-01 4.26535E-03 1.02700E+03 0.00000E+00
 1.00359E+00 1.00650E+00 9.96817E-01 6.23923E-01 6.25661E-01
 9.89878E-01 5.75349E-03 9.90480E-01 5.92867E-03 9.89333E-01
 4.94333E-03 9.89184E-01 5.15589E-03 9.79369E-01 4.47094E-03
 6.23212E-01 4.25603E-03 1.01400E+03 0.00000E+00
 9.90386E-01 9.90017E-01 1.00088E+00 6.04603E-01 6.06161E-01
 9.89897E-01 5.52781E-03 9.90462E-01 5.69611E-03 9.89777E-01
 4.77012E-03 9.89559E-01 4.95585E-03 9.76818E-01 4.41720E-03
 6.23329E-01 4.11503E-03 1.03700E+03 0.00000E+00
 1.00157E+00 9.97816E-01 9.70489E-01 6.19216E-01 6.18766E-01
 9.90330E-01 5.33667E-03 9.90734E-01 5.48784E-03 9.89063E-01
 4.64532E-03 9.89168E-01 4.75036E-03 9.75475E-01 4.50239E-03
 6.23427E-01 3.95165E-03 9.60000E+02 0.00000E+00
 9.76176E-01 9.74496E-01 9.64402E-01 5.91074E-01 5.92890E-01
 9.89824E-01 5.16733E-03 9.90154E-01 5.31992E-03 9.88182E-01
 4.56216E-03 9.88427E-01 4.63172E-03 9.75155E-01 4.92802E-03
 6.22743E-01 3.93210E-03 9.77000E+02 0.00000E+00
 9.87749E-01 9.87875E-01 9.99769E-01 6.50625E-01 6.51592E-01
 9.89753E-01 4.98648E-03 9.90076E-01 5.13380E-03 9.88582E-01
 4.42013E-03 9.88705E-01 4.46422E-03 9.76224E-01 5.52208E-03
 6.22591E-01 3.78745E-03 1.00600E+03 0.00000E+00
 9.89702E-01 9.80277E-01 1.00922E+00 6.08332E-01 6.09031E-01
 9.89751E-01 4.81740E-03 9.89749E-01 4.97047E-03 9.89270E-01
 4.32531E-03 9.89427E-01 4.33444E-03 9.74817E-01 5.53204E-03
 6.22477E-01 3.66937E-03 1.00500E+03 0.00000E+00
 9.49475E-01 9.52005E-01 9.57560E-01 5.84165E-01 5.84725E-01
 9.88452E-01 4.83715E-03 9.88532E-01 4.95924E-03 9.88247E-01
 4.30669E-03 9.88301E-01 4.34500E-03 9.74668E-01 5.97101E-03
 6.21914E-01 3.62153E-03 9.95000E+02 0.00000E+00
 9.85507E-01 9.86169E-01 9.67900E-01 6.09063E-01 6.09956E-01
 9.88360E-01 4.68445E-03 9.88458E-01 4.80233E-03 9.87611E-01
 4.21813E-03 9.87838E-01 4.23377E-03 9.76263E-01 6.32641E-03
 6.22371E-01 3.59326E-03 9.41000E+02 0.00000E+00
 9.94829E-01 9.95819E-01 9.86180E-01 6.18678E-01 6.19687E-01
 9.88556E-01 4.54451E-03 9.88681E-01 4.65988E-03 9.87568E-01
 4.08854E-03 9.87867E-01 4.10225E-03 9.75858E-01 8.09482E-03
 6.22664E-01 3.52517E-03 1.03800E+03 0.00000E+00
 9.62584E-01 9.67363E-01 9.63587E-01 5.79231E-01 5.78738E-01
 9.87792E-01 4.47451E-03 9.88054E-01 4.56402E-03 9.86862E-01
 4.02869E-03 9.87185E-01 4.04999E-03 9.70313E-01 9.66986E-03
 6.21099E-01 3.68391E-03 1.05700E+03 0.00000E+00
 9.98022E-01 9.97553E-01 1.00542E+00 6.33520E-01 6.31663E-01
 9.88084E-01 4.35461E-03 9.88325E-01 4.44000E-03 9.87393E-01
 3.94766E-03 9.87652E-01 3.95395E-03 9.71579E-01 1.36580E-02
 6.20476E-01 3.53983E-03 9.66000E+02 0.00000E+00
 9.61424E-01 9.60072E-01 9.51817E-01 6.49967E-01 6.47789E-01
 9.87344E-01 4.29622E-03 9.87540E-01 4.38570E-03 9.86404E-01
 3.96167E-03 9.86735E-01 3.95294E-03 9.61187E-01 1.16025E-02
 6.19425E-01 3.48958E-03 9.83000E+02 0.00000E+00
 9.55808E-01 9.57064E-01 9.65735E-01 6.06113E-01 6.07399E-01
 9.86491E-01 4.26454E-03 9.86717E-01 4.34432E-03 9.85846E-01
 3.89340E-03 9.86078E-01 3.89933E-03 9.73717E-01 2.37109E-02
 6.19077E-01 3.42902E-03 9.51000E+02 0.00000E+00
 9.85304E-01 9.81019E-01 1.00693E+00 6.68590E-01 6.68463E-01
 9.86460E-01 4.15091E-03 9.86567E-01 4.23111E-03 9.86400E-01
 3.82994E-03 9.86444E-01 3.80165E-03 0.00000E+00 0.00000E+00
 6.19910E-01 3.45166E-03 1.01200E+03 0.00000E+00
 9.55651E-01 9.50819E-01 9.81390E-01 6.18743E-01 6.20979E-01
 9.85670E-01 4.11953E-03 9.85650E-01 4.22189E-03 9.86272E-01
 3.73266E-03 9.86082E-01 3.71951E-03 0.00000E+00 0.00000E+00
 6.20090E-01 3.38916E-03 1.06800E+03 0.00000E+00
 9.78554E-01 9.75065E-01 9.86347E-01 6.29563E-01 6.30281E-01
 9.85492E-01 4.01916E-03 9.85386E-01 4.12349E-03 9.86274E-01
 3.63814E-03 9.86020E-01 3.62543E-03 0.00000E+00 0.00000E+00
 6.20680E-01 3.36472E-03 9.58000E+02 0.00000E+00
