                                       2        1000        1203159
 testprob39 -- photons + mesh tallies                                           
ntal     4
    4    5    6   25
tally    4    2    0
f        4
      2      3      7      8
d        2
u        0
s        0
m        0
c        0
et       5
  1.00000E-02  1.00000E-01  1.00000E+00  5.00000E+00
tt       7
 -2.00000E+00 -1.50000E+00 -1.00000E+00 -5.00000E-01  0.00000E+00  1.00000E-01
vals
  0.00000E+00 0.0000  0.00000E+00 0.0000  0.00000E+00 0.0000  0.00000E+00 0.0000
  0.00000E+00 0.0000  0.00000E+00 0.0000  0.00000E+00 0.0000  0.00000E+00 0.0000
  1.01511E-05 0.0386  1.04917E-05 0.0386  1.04917E-05 0.0386  1.04917E-05 0.0386
  1.38941E-06 0.0393  4.30157E-05 0.0386  0.00000E+00 0.0000  3.68959E-04 0.0300
  3.85562E-04 0.0299  3.85562E-04 0.0299  3.85562E-04 0.0299  5.51041E-05 0.0295
  1.58075E-03 0.0299  0.00000E+00 0.0000  1.38818E-04 0.0516  1.44823E-04 0.0515
  1.44823E-04 0.0515  1.44823E-04 0.0515  2.04712E-05 0.0506  5.93756E-04 0.0515
  0.00000E+00 0.0000  5.17927E-04 0.0297  5.40876E-04 0.0296  5.40876E-04 0.0296
  5.40876E-04 0.0296  7.69647E-05 0.0290  2.21752E-03 0.0296  0.00000E+00 0.0000
  0.00000E+00 0.0000  0.00000E+00 0.0000  0.00000E+00 0.0000  0.00000E+00 0.0000
  0.00000E+00 0.0000  0.00000E+00 0.0000  0.00000E+00 0.0000  0.00000E+00 0.0000
  0.00000E+00 0.0000  0.00000E+00 0.0000  0.00000E+00 0.0000  0.00000E+00 0.0000
  0.00000E+00 0.0000  0.00000E+00 0.0000  0.00000E+00 0.0000  0.00000E+00 0.0000
  0.00000E+00 0.0000  0.00000E+00 0.0000  0.00000E+00 0.0000  0.00000E+00 0.0000
  0.00000E+00 0.0000  0.00000E+00 0.0000  0.00000E+00 0.0000  0.00000E+00 0.0000
  0.00000E+00 0.0000  0.00000E+00 0.0000  0.00000E+00 0.0000  0.00000E+00 0.0000
  0.00000E+00 0.0000  0.00000E+00 0.0000  0.00000E+00 0.0000  0.00000E+00 0.0000
  0.00000E+00 0.0000  0.00000E+00 0.0000  0.00000E+00 0.0000  0.00000E+00 0.0000
  0.00000E+00 0.0000  0.00000E+00 0.0000  0.00000E+00 0.0000  0.00000E+00 0.0000
  0.00000E+00 0.0000  0.00000E+00 0.0000  1.89672E-07 0.0462  2.06610E-07 0.0462
  2.06610E-07 0.0462  2.06610E-07 0.0462  3.72957E-08 0.0464  8.46797E-07 0.0462
  0.00000E+00 0.0000  1.19475E-05 0.0322  1.30506E-05 0.0323  1.30506E-05 0.0323
  1.30506E-05 0.0323  2.38389E-06 0.0330  5.34831E-05 0.0323  0.00000E+00 0.0000
  1.12816E-05 0.0464  1.23432E-05 0.0466  1.23432E-05 0.0466  1.23432E-05 0.0466
  2.26838E-06 0.0476  5.05796E-05 0.0466  0.00000E+00 0.0000  2.34188E-05 0.0308
  2.56004E-05 0.0310  2.56004E-05 0.0310  2.56004E-05 0.0310  4.68957E-06 0.0317
  1.04909E-04 0.0310  0.00000E+00 0.0000  0.00000E+00 0.0000  0.00000E+00 0.0000
  0.00000E+00 0.0000  0.00000E+00 0.0000  0.00000E+00 0.0000  0.00000E+00 0.0000
  0.00000E+00 0.0000  0.00000E+00 0.0000  0.00000E+00 0.0000  0.00000E+00 0.0000
  0.00000E+00 0.0000  0.00000E+00 0.0000  0.00000E+00 0.0000  0.00000E+00 0.0000
  0.00000E+00 0.0000  0.00000E+00 0.0000  0.00000E+00 0.0000  0.00000E+00 0.0000
  0.00000E+00 0.0000  0.00000E+00 0.0000  0.00000E+00 0.0000  0.00000E+00 0.0000
  0.00000E+00 0.0000  0.00000E+00 0.0000  0.00000E+00 0.0000  0.00000E+00 0.0000
  0.00000E+00 0.0000  0.00000E+00 0.0000  0.00000E+00 0.0000  0.00000E+00 0.0000
  0.00000E+00 0.0000  0.00000E+00 0.0000  0.00000E+00 0.0000  0.00000E+00 0.0000
  0.00000E+00 0.0000  0.00000E+00 0.0000  0.00000E+00 0.0000  0.00000E+00 0.0000
  0.00000E+00 0.0000  0.00000E+00 0.0000  0.00000E+00 0.0000  0.00000E+00 0.0000
  1.09561E-08 0.4528  1.23851E-08 0.4521  1.23851E-08 0.4521  1.23851E-08 0.4521
  2.47703E-09 0.4521  5.05886E-08 0.4522  0.00000E+00 0.0000  1.49979E-06 0.3508
  1.70315E-06 0.3509  1.70315E-06 0.3509  1.70315E-06 0.3509  3.40631E-07 0.3509
  6.94989E-06 0.3508  0.00000E+00 0.0000  2.15741E-06 0.5295  2.43813E-06 0.5295
  2.43813E-06 0.5295  2.43813E-06 0.5295  4.87625E-07 0.5295  9.95941E-06 0.5295
  0.00000E+00 0.0000  3.66816E-06 0.3567  4.15367E-06 0.3563  4.15367E-06 0.3563
  4.15367E-06 0.3563  8.30733E-07 0.3563  1.69599E-05 0.3564  0.00000E+00 0.0000
  0.00000E+00 0.0000  0.00000E+00 0.0000  0.00000E+00 0.0000  0.00000E+00 0.0000
  0.00000E+00 0.0000  0.00000E+00 0.0000  0.00000E+00 0.0000  0.00000E+00 0.0000
  0.00000E+00 0.0000  0.00000E+00 0.0000  0.00000E+00 0.0000  0.00000E+00 0.0000
  0.00000E+00 0.0000  0.00000E+00 0.0000  0.00000E+00 0.0000  0.00000E+00 0.0000
  0.00000E+00 0.0000  0.00000E+00 0.0000  0.00000E+00 0.0000  0.00000E+00 0.0000
  0.00000E+00 0.0000  0.00000E+00 0.0000  0.00000E+00 0.0000  0.00000E+00 0.0000
  0.00000E+00 0.0000  0.00000E+00 0.0000  0.00000E+00 0.0000  0.00000E+00 0.0000
  0.00000E+00 0.0000  0.00000E+00 0.0000  0.00000E+00 0.0000  0.00000E+00 0.0000
  0.00000E+00 0.0000  0.00000E+00 0.0000  0.00000E+00 0.0000  0.00000E+00 0.0000
  0.00000E+00 0.0000  0.00000E+00 0.0000  0.00000E+00 0.0000  0.00000E+00 0.0000
  0.00000E+00 0.0000  0.00000E+00 0.0000  9.71862E-11 0.9995  1.10585E-10 0.9995
  1.10585E-10 0.9995  1.10585E-10 0.9995  2.21171E-11 0.9995  4.51059E-10 0.9995
  0.00000E+00 0.0000  0.00000E+00 0.0000  0.00000E+00 0.0000  0.00000E+00 0.0000
  0.00000E+00 0.0000  0.00000E+00 0.0000  0.00000E+00 0.0000  0.00000E+00 0.0000
  5.60754E-07 0.9995  6.35302E-07 0.9995  6.35302E-07 0.9995  6.35302E-07 0.9995
  1.27060E-07 0.9995  2.59372E-06 0.9995  0.00000E+00 0.0000  5.60851E-07 0.9995
  6.35412E-07 0.9995  6.35412E-07 0.9995  6.35412E-07 0.9995  1.27082E-07 0.9995
  2.59417E-06 0.9995  0.00000E+00 0.0000  0.00000E+00 0.0000  0.00000E+00 0.0000
  0.00000E+00 0.0000  0.00000E+00 0.0000  0.00000E+00 0.0000  0.00000E+00 0.0000
  0.00000E+00 0.0000  0.00000E+00 0.0000  0.00000E+00 0.0000  0.00000E+00 0.0000
  0.00000E+00 0.0000  0.00000E+00 0.0000  0.00000E+00 0.0000  0.00000E+00 0.0000
  0.00000E+00 0.0000  0.00000E+00 0.0000  0.00000E+00 0.0000  0.00000E+00 0.0000
  0.00000E+00 0.0000  0.00000E+00 0.0000  0.00000E+00 0.0000  0.00000E+00 0.0000
  0.00000E+00 0.0000  0.00000E+00 0.0000  0.00000E+00 0.0000  0.00000E+00 0.0000
  0.00000E+00 0.0000  0.00000E+00 0.0000  0.00000E+00 0.0000  0.00000E+00 0.0000
  0.00000E+00 0.0000  0.00000E+00 0.0000  0.00000E+00 0.0000  0.00000E+00 0.0000
tfc    1       1       1       1       1       1       1       5       7
       1000  2.21752E-03  2.95920E-02
tally    5    2    2
f        1
d        2
u        0
s        0
m        0
c        0
et       5
  1.00000E-02  1.00000E-01  1.00000E+00  5.00000E+00
tt      14
 -2.00000E+00 -1.50000E+00 -1.00000E+00 -5.00000E-01  0.00000E+00  5.00000E-01
  1.00000E+00  1.50000E+00  2.00000E+00  2.50000E+00  3.00000E+00  1.00000E+01
  1.00000E+02
vals
  0.00000E+00 0.0000  0.00000E+00 0.0000  0.00000E+00 0.0000  0.00000E+00 0.0000
  0.00000E+00 0.0000  0.00000E+00 0.0000  0.00000E+00 0.0000  0.00000E+00 0.0000
  0.00000E+00 0.0000  0.00000E+00 0.0000  0.00000E+00 0.0000  0.00000E+00 0.0000
  0.00000E+00 0.0000  0.00000E+00 0.0000  0.00000E+00 0.0000  0.00000E+00 0.0000
  0.00000E+00 0.0000  0.00000E+00 0.0000  0.00000E+00 0.0000  0.00000E+00 0.0000
  0.00000E+00 0.0000  0.00000E+00 0.0000  0.00000E+00 0.0000  0.00000E+00 0.0000
  0.00000E+00 0.0000  0.00000E+00 0.0000  0.00000E+00 0.0000  0.00000E+00 0.0000
  0.00000E+00 0.0000  8.53458E-06 0.9995  9.84017E-06 0.9995  9.84017E-06 0.9995
  9.84017E-06 0.9995  2.28961E-06 0.9995  0.00000E+00 0.0000  0.00000E+00 0.0000
  0.00000E+00 0.0000  0.00000E+00 0.0000  0.00000E+00 0.0000  0.00000E+00 0.0000
  0.00000E+00 0.0000  4.03447E-05 0.9995  0.00000E+00 0.0000  2.16601E-08 0.9995
  2.48446E-08 0.9995  2.48446E-08 0.9995  2.48446E-08 0.9995  5.66896E-09 0.9995
  0.00000E+00 0.0000  0.00000E+00 0.0000  0.00000E+00 0.0000  0.00000E+00 0.0000
  0.00000E+00 0.0000  0.00000E+00 0.0000  0.00000E+00 0.0000  1.01863E-07 0.9995
  0.00000E+00 0.0000  8.55624E-06 0.9969  9.86501E-06 0.9969  9.86501E-06 0.9969
  9.86501E-06 0.9969  2.29527E-06 0.9970  0.00000E+00 0.0000  0.00000E+00 0.0000
  0.00000E+00 0.0000  0.00000E+00 0.0000  0.00000E+00 0.0000  0.00000E+00 0.0000
  0.00000E+00 0.0000  4.04465E-05 0.9969  0.00000E+00 0.0000  0.00000E+00 0.0000
  0.00000E+00 0.0000  0.00000E+00 0.0000  0.00000E+00 0.0000  0.00000E+00 0.0000
  0.00000E+00 0.0000  0.00000E+00 0.0000  0.00000E+00 0.0000  0.00000E+00 0.0000
  0.00000E+00 0.0000  0.00000E+00 0.0000  0.00000E+00 0.0000  0.00000E+00 0.0000
  0.00000E+00 0.0000  0.00000E+00 0.0000  0.00000E+00 0.0000  0.00000E+00 0.0000
  0.00000E+00 0.0000  0.00000E+00 0.0000  0.00000E+00 0.0000  0.00000E+00 0.0000
  0.00000E+00 0.0000  0.00000E+00 0.0000  0.00000E+00 0.0000  0.00000E+00 0.0000
  0.00000E+00 0.0000  0.00000E+00 0.0000  0.00000E+00 0.0000  6.45769E-17 0.9995
  7.80427E-17 0.9995  7.80427E-17 0.9995  7.80427E-17 0.9995  2.12701E-17 0.9995
  0.00000E+00 0.0000  0.00000E+00 0.0000  0.00000E+00 0.0000  0.00000E+00 0.0000
  0.00000E+00 0.0000  0.00000E+00 0.0000  0.00000E+00 0.0000  3.19975E-16 0.9995
  0.00000E+00 0.0000  2.16601E-08 0.9995  2.48446E-08 0.9995  2.48446E-08 0.9995
  2.48446E-08 0.9995  5.66896E-09 0.9995  0.00000E+00 0.0000  0.00000E+00 0.0000
  0.00000E+00 0.0000  0.00000E+00 0.0000  0.00000E+00 0.0000  0.00000E+00 0.0000
  0.00000E+00 0.0000  1.01863E-07 0.9995  0.00000E+00 0.0000  2.16601E-08 0.9995
  2.48446E-08 0.9995  2.48446E-08 0.9995  2.48446E-08 0.9995  5.66896E-09 0.9995
  0.00000E+00 0.0000  0.00000E+00 0.0000  0.00000E+00 0.0000  0.00000E+00 0.0000
  0.00000E+00 0.0000  0.00000E+00 0.0000  0.00000E+00 0.0000  1.01863E-07 0.9995
tfc    1       1       1       1       1       1       1       5      14
       1000  4.04465E-05  9.96938E-01
tally    6    2    0
f        4
      2      3      7      8
d        2
u        0
s        0
m        0
c        0
et       5
  1.00000E-02  1.00000E-01  1.00000E+00  5.00000E+00
t        0
vals
  0.00000E+00 0.0000  0.00000E+00 0.0000  6.48587E-05 0.0312  3.30649E-06 0.2044
  6.81652E-05 0.0304  0.00000E+00 0.0000  0.00000E+00 0.0000  0.00000E+00 0.0000
  0.00000E+00 0.0000  0.00000E+00 0.0000  0.00000E+00 0.0000  0.00000E+00 0.0000
  1.45717E-06 0.0441  2.08448E-07 0.2425  1.66562E-06 0.0493  0.00000E+00 0.0000
  0.00000E+00 0.0000  0.00000E+00 0.0000  0.00000E+00 0.0000  0.00000E+00 0.0000
  0.00000E+00 0.0000  0.00000E+00 0.0000  1.81167E-07 0.4822  0.00000E+00 0.0000
  1.81167E-07 0.4822  0.00000E+00 0.0000  0.00000E+00 0.0000  1.81167E-07 0.4822
  0.00000E+00 0.0000  1.81167E-07 0.4822  0.00000E+00 0.0000  0.00000E+00 0.0000
  0.00000E+00 0.0000  0.00000E+00 0.0000  0.00000E+00 0.0000  0.00000E+00 0.0000
  0.00000E+00 0.0000  0.00000E+00 0.0000  0.00000E+00 0.0000  0.00000E+00 0.0000
tfc    1       1       1       1       1       1       1       5       1
       1000  6.81652E-05  3.03720E-02
tally   25    2    2
f        2
d        2
u        0
s        0
m        0
c        0
et       5
  1.00000E-02  1.00000E-01  1.00000E+00  5.00000E+00
t        0
vals
  0.00000E+00 0.0000  1.84153E-27 0.9860  1.41551E-06 0.7512  8.98787E-06 0.4025
  1.04034E-05 0.3656  0.00000E+00 0.0000  1.84153E-27 0.9860  5.55064E-08 0.5557
  5.76964E-06 0.5613  5.82515E-06 0.5570  0.00000E+00 0.0000  5.87640E-07 0.4177
  6.06800E-04 0.1355  5.59623E-04 0.5623  1.16701E-03 0.2847  0.00000E+00 0.0000
  4.85545E-07 0.4601  4.25296E-04 0.1681  4.46096E-04 0.6923  8.71877E-04 0.3664
tfc    1       1       1       1       1       1       1       5       1
       1000  1.04034E-05  3.65577E-01
