                                       2     5000000       87579361
 gammas in an iron box with duct                                                
ntal     2
    5   11
tally    5    2    1
f        2
d        2
u        0
s        0
m        0
c        0
e        0
t        0
vals
  3.17062E-03 0.0000  3.17040E-03 0.0000  3.61225E-33 0.1282  2.19474E-33 0.0000
tfc   20       1       1       1       1       1       1       1       1
     256000  3.17058E-03  0.00000E+00
     512000  3.17051E-03  0.00000E+00
     768000  3.17049E-03  0.00000E+00
    1024000  3.17047E-03  0.00000E+00
    1280000  3.17047E-03  0.00000E+00
    1536000  3.17047E-03  0.00000E+00
    1792000  3.17065E-03  0.00000E+00
    2048000  3.17062E-03  0.00000E+00
    2304000  3.17061E-03  0.00000E+00
    2560000  3.17061E-03  0.00000E+00
    2816000  3.17059E-03  0.00000E+00
    3072000  3.17058E-03  0.00000E+00
    3328000  3.17059E-03  0.00000E+00
    3584000  3.17061E-03  0.00000E+00
    3840000  3.17060E-03  0.00000E+00
    4096000  3.17065E-03  0.00000E+00
    4352000  3.17064E-03  0.00000E+00
    4608000  3.17063E-03  0.00000E+00
    4864000  3.17062E-03  0.00000E+00
    5000000  3.17062E-03  0.00000E+00
tally   11    2    0
f        5
     25     26     27     28      0
d        1
u        0
s        0
m        0
c        0
e        0
t        0
vals
  6.02600E-04 0.0188  8.00000E-07 0.5000  6.03200E-04 0.0188  1.05800E-04 0.0435
  1.31240E-03 0.0182
tfc   20       1       1       1       1       1       1       1       1
     256000  6.95312E-04  7.70045E-02
     512000  6.19141E-04  5.75486E-02
     768000  6.23698E-04  4.67147E-02
    1024000  6.14258E-04  4.08004E-02
    1280000  6.14844E-04  3.63973E-02
    1536000  6.08724E-04  3.34544E-02
    1792000  6.11607E-04  3.10933E-02
    2048000  6.05957E-04  2.92568E-02
    2304000  6.10677E-04  2.74727E-02
    2560000  6.07422E-04  2.61069E-02
    2816000  6.07244E-04  2.48999E-02
    3072000  6.03190E-04  2.39035E-02
    3328000  6.00962E-04  2.30152E-02
    3584000  5.95703E-04  2.23048E-02
    3840000  5.96354E-04  2.15467E-02
    4096000  5.97900E-04  2.08270E-02
    4352000  5.96967E-04  2.02379E-02
    4608000  6.01345E-04  1.95787E-02
    4864000  6.03002E-04  1.90359E-02
    5000000  6.02600E-04  1.87724E-02
