                                       2      904526      368208718
 title - Three Uranium Cylinders Criticality Benchmark                          
ntal     0

kcode   90   30   19
 1.01302E+00 1.01486E+00 1.01476E+00 1.74805E+03 1.74960E+03
 0.00000E+00 0.00000E+00 0.00000E+00 0.00000E+00 0.00000E+00
 0.00000E+00 0.00000E+00 0.00000E+00 9.95751E-01 9.98964E-04
 0.00000E+00 0.00000E+00 1.00000E+04 0.00000E+00
 9.81061E-01 9.61234E-01 9.81879E-01 1.71748E+03 1.70565E+03
 0.00000E+00 0.00000E+00 0.00000E+00 0.00000E+00 0.00000E+00
 0.00000E+00 0.00000E+00 0.00000E+00 9.95542E-01 9.86287E-04
 0.00000E+00 0.00000E+00 1.45090E+04 0.00000E+00
 9.94600E-01 9.89423E-01 9.94889E-01 1.70572E+03 1.72213E+03
 0.00000E+00 0.00000E+00 0.00000E+00 0.00000E+00 0.00000E+00
 0.00000E+00 0.00000E+00 0.00000E+00 9.95896E-01 9.26889E-04
 0.00000E+00 0.00000E+00 9.68300E+03 0.00000E+00
 9.78681E-01 9.89872E-01 9.79678E-01 1.71191E+03 1.70416E+03
 0.00000E+00 0.00000E+00 0.00000E+00 0.00000E+00 0.00000E+00
 0.00000E+00 0.00000E+00 0.00000E+00 9.95964E-01 9.35156E-04
 0.00000E+00 0.00000E+00 9.95100E+03 0.00000E+00
 9.80402E-01 9.79995E-01 9.82957E-01 1.69162E+03 1.71243E+03
 0.00000E+00 0.00000E+00 0.00000E+00 0.00000E+00 0.00000E+00
 0.00000E+00 0.00000E+00 0.00000E+00 9.96047E-01 9.42216E-04
 0.00000E+00 0.00000E+00 9.98300E+03 0.00000E+00
 9.96652E-01 9.97791E-01 9.97530E-01 1.73799E+03 1.74317E+03
 0.00000E+00 0.00000E+00 0.00000E+00 0.00000E+00 0.00000E+00
 0.00000E+00 0.00000E+00 0.00000E+00 9.96230E-01 9.33995E-04
 0.00000E+00 0.00000E+00 9.95900E+03 0.00000E+00
 1.01828E+00 9.95282E-01 1.02613E+00 1.79509E+03 1.80176E+03
 0.00000E+00 0.00000E+00 0.00000E+00 0.00000E+00 0.00000E+00
 0.00000E+00 0.00000E+00 0.00000E+00 9.96212E-01 9.45113E-04
 0.00000E+00 0.00000E+00 1.01410E+04 0.00000E+00
 9.88114E-01 9.98809E-01 9.89545E-01 1.67561E+03 1.70381E+03
 0.00000E+00 0.00000E+00 0.00000E+00 0.00000E+00 0.00000E+00
 0.00000E+00 0.00000E+00 0.00000E+00 9.96188E-01 9.56590E-04
 0.00000E+00 0.00000E+00 1.02210E+04 0.00000E+00
 1.00179E+00 9.96348E-01 1.00356E+00 1.71290E+03 1.72692E+03
 0.00000E+00 0.00000E+00 0.00000E+00 0.00000E+00 0.00000E+00
 0.00000E+00 0.00000E+00 0.00000E+00 9.96169E-01 9.68334E-04
 0.00000E+00 0.00000E+00 9.84900E+03 0.00000E+00
 1.00573E+00 9.95369E-01 1.00817E+00 1.75960E+03 1.76904E+03
 0.00000E+00 0.00000E+00 0.00000E+00 0.00000E+00 0.00000E+00
 0.00000E+00 0.00000E+00 0.00000E+00 9.96158E-01 9.80705E-04
 0.00000E+00 0.00000E+00 1.01710E+04 0.00000E+00
 9.95764E-01 9.93096E-01 9.96263E-01 1.75318E+03 1.75859E+03
 0.00000E+00 0.00000E+00 0.00000E+00 0.00000E+00 0.00000E+00
 0.00000E+00 0.00000E+00 0.00000E+00 9.96151E-01 9.93728E-04
 0.00000E+00 0.00000E+00 9.99600E+03 0.00000E+00
 1.00846E+00 1.00120E+00 1.01119E+00 1.76382E+03 1.76252E+03
 0.00000E+00 0.00000E+00 0.00000E+00 0.00000E+00 0.00000E+00
 0.00000E+00 0.00000E+00 0.00000E+00 9.96186E-01 1.00610E-03
 0.00000E+00 0.00000E+00 1.00250E+04 0.00000E+00
 9.82684E-01 9.87623E-01 9.82092E-01 1.70410E+03 1.70895E+03
 0.00000E+00 0.00000E+00 0.00000E+00 0.00000E+00 0.00000E+00
 0.00000E+00 0.00000E+00 0.00000E+00 9.96103E-01 1.01697E-03
 0.00000E+00 0.00000E+00 9.99800E+03 0.00000E+00
 9.81719E-01 9.97717E-01 9.85567E-01 1.72838E+03 1.72994E+03
 0.00000E+00 0.00000E+00 0.00000E+00 0.00000E+00 0.00000E+00
 0.00000E+00 0.00000E+00 0.00000E+00 9.96220E-01 1.02298E-03
 0.00000E+00 0.00000E+00 9.74900E+03 0.00000E+00
 9.88592E-01 9.79274E-01 9.88057E-01 1.70284E+03 1.70646E+03
 0.00000E+00 0.00000E+00 0.00000E+00 0.00000E+00 0.00000E+00
 0.00000E+00 0.00000E+00 0.00000E+00 9.96220E-01 1.03763E-03
 0.00000E+00 0.00000E+00 9.86800E+03 0.00000E+00
 9.79297E-01 9.80794E-01 9.74689E-01 1.71196E+03 1.69026E+03
 0.00000E+00 0.00000E+00 0.00000E+00 0.00000E+00 0.00000E+00
 0.00000E+00 0.00000E+00 0.00000E+00 9.96433E-01 1.02869E-03
 0.00000E+00 0.00000E+00 1.00600E+04 0.00000E+00
 1.00512E+00 9.98508E-01 1.00398E+00 1.76431E+03 1.75638E+03
 0.00000E+00 0.00000E+00 0.00000E+00 0.00000E+00 0.00000E+00
 0.00000E+00 0.00000E+00 0.00000E+00 9.96635E-01 1.01598E-03
 0.00000E+00 0.00000E+00 9.84300E+03 0.00000E+00
 1.01018E+00 9.96154E-01 1.01050E+00 1.74770E+03 1.73953E+03
 0.00000E+00 0.00000E+00 0.00000E+00 0.00000E+00 0.00000E+00
 0.00000E+00 0.00000E+00 0.00000E+00 9.96603E-01 1.02955E-03
 0.00000E+00 0.00000E+00 1.03060E+04 0.00000E+00
 9.90652E-01 9.92822E-01 9.91392E-01 1.75122E+03 1.77439E+03
 0.00000E+00 0.00000E+00 0.00000E+00 0.00000E+00 0.00000E+00
 0.00000E+00 0.00000E+00 0.00000E+00 9.96586E-01 1.04459E-03
 0.00000E+00 0.00000E+00 1.00970E+04 0.00000E+00
 9.92638E-01 1.00908E+00 9.91338E-01 1.71377E+03 1.71261E+03
 0.00000E+00 0.00000E+00 0.00000E+00 0.00000E+00 0.00000E+00
 0.00000E+00 0.00000E+00 0.00000E+00 9.96641E-01 1.05828E-03
 0.00000E+00 0.00000E+00 9.79400E+03 0.00000E+00
 1.00766E+00 1.00856E+00 1.00290E+00 1.76377E+03 1.75067E+03
 0.00000E+00 0.00000E+00 0.00000E+00 0.00000E+00 0.00000E+00
 0.00000E+00 0.00000E+00 0.00000E+00 9.96500E-01 1.06186E-03
 0.00000E+00 0.00000E+00 9.87500E+03 0.00000E+00
 9.88095E-01 1.00598E+00 9.86659E-01 1.70948E+03 1.72794E+03
 0.00000E+00 0.00000E+00 0.00000E+00 0.00000E+00 0.00000E+00
 0.00000E+00 0.00000E+00 0.00000E+00 9.96346E-01 1.06348E-03
 0.00000E+00 0.00000E+00 1.01190E+04 0.00000E+00
 9.84444E-01 9.83188E-01 9.87679E-01 1.73952E+03 1.76065E+03
 0.00000E+00 0.00000E+00 0.00000E+00 0.00000E+00 0.00000E+00
 0.00000E+00 0.00000E+00 0.00000E+00 9.96234E-01 1.07259E-03
 0.00000E+00 0.00000E+00 9.95000E+03 0.00000E+00
 9.95991E-01 9.90393E-01 9.95799E-01 1.71402E+03 1.72021E+03
 0.00000E+00 0.00000E+00 0.00000E+00 0.00000E+00 0.00000E+00
 0.00000E+00 0.00000E+00 0.00000E+00 9.96430E-01 1.07162E-03
 0.00000E+00 0.00000E+00 9.88400E+03 0.00000E+00
 1.00963E+00 1.00462E+00 1.01470E+00 1.79992E+03 1.78516E+03
 0.00000E+00 0.00000E+00 0.00000E+00 0.00000E+00 0.00000E+00
 0.00000E+00 0.00000E+00 0.00000E+00 9.96514E-01 1.08478E-03
 0.00000E+00 0.00000E+00 1.01920E+04 0.00000E+00
 1.01976E+00 1.00560E+00 1.01554E+00 1.79993E+03 1.78588E+03
 0.00000E+00 0.00000E+00 0.00000E+00 0.00000E+00 0.00000E+00
 0.00000E+00 0.00000E+00 0.00000E+00 9.96366E-01 1.09439E-03
 0.00000E+00 0.00000E+00 1.02460E+04 0.00000E+00
 9.50790E-01 9.95338E-01 9.51003E-01 1.64627E+03 1.66581E+03
 0.00000E+00 0.00000E+00 0.00000E+00 0.00000E+00 0.00000E+00
 0.00000E+00 0.00000E+00 0.00000E+00 9.96213E-01 1.09857E-03
 0.00000E+00 0.00000E+00 1.00380E+04 0.00000E+00
 9.80926E-01 9.89790E-01 9.78214E-01 1.72130E+03 1.71320E+03
 0.00000E+00 0.00000E+00 0.00000E+00 0.00000E+00 0.00000E+00
 0.00000E+00 0.00000E+00 0.00000E+00 9.96304E-01 1.11220E-03
 0.00000E+00 0.00000E+00 9.27700E+03 0.00000E+00
 9.93051E-01 9.96352E-01 9.93723E-01 1.70827E+03 1.74462E+03
 0.00000E+00 0.00000E+00 0.00000E+00 0.00000E+00 0.00000E+00
 0.00000E+00 0.00000E+00 0.00000E+00 9.96428E-01 1.12296E-03
 0.00000E+00 0.00000E+00 1.03280E+04 0.00000E+00
 1.01397E+00 1.00071E+00 1.01323E+00 1.80929E+03 1.78584E+03
 0.00000E+00 0.00000E+00 0.00000E+00 0.00000E+00 0.00000E+00
 0.00000E+00 0.00000E+00 0.00000E+00 9.96435E-01 1.14214E-03
 0.00000E+00 0.00000E+00 1.00460E+04 0.00000E+00
 1.00776E+00 1.00623E+00 1.01146E+00 1.74402E+03 1.76617E+03
 0.00000E+00 0.00000E+00 0.00000E+00 0.00000E+00 0.00000E+00
 0.00000E+00 0.00000E+00 0.00000E+00 9.96339E-01 1.15637E-03
 0.00000E+00 0.00000E+00 1.02070E+04 0.00000E+00
 1.00096E+00 1.00673E+00 9.99970E-01 1.73195E+03 1.73907E+03
 1.00436E+00 3.40055E-03 1.00648E+00 2.52589E-04 1.00572E+00
 5.74733E-03 0.00000E+00 0.00000E+00 9.96154E-01 1.16320E-03
 0.00000E+00 0.00000E+00 9.94800E+03 0.00000E+00
 1.00722E+00 9.86188E-01 1.00704E+00 1.74613E+03 1.75424E+03
 1.00531E+00 2.18338E-03 9.99717E-01 6.76595E-03 1.00616E+00
 3.34748E-03 0.00000E+00 0.00000E+00 9.95987E-01 1.17096E-03
 0.00000E+00 0.00000E+00 9.86400E+03 0.00000E+00
 9.85859E-01 1.00767E+00 9.86937E-01 1.71363E+03 1.70968E+03
 1.00045E+00 5.10303E-03 1.00171E+00 5.18125E-03 1.00135E+00
 5.35692E-03 9.99987E-01 4.40577E-03 9.96111E-01 1.18441E-03
 1.71926E+03 6.56879E+00 1.01290E+04 0.00000E+00
 1.02466E+00 1.00050E+00 1.02197E+00 1.77671E+03 1.76036E+03
 1.00529E+00 6.25068E-03 1.00147E+00 4.02056E-03 1.00548E+00
 5.85040E-03 1.00288E+00 4.04440E-03 9.95936E-01 1.19454E-03
 1.72349E+03 1.49696E+01 9.82900E+03 0.00000E+00
 9.70136E-01 9.96494E-01 9.68906E-01 1.69492E+03 1.70655E+03
 9.99433E-01 7.77052E-03 1.00064E+00 3.38574E-03 9.99382E-01
 7.74408E-03 1.00050E+00 3.80311E-03 9.95820E-01 1.20874E-03
 1.71496E+03 1.56559E+01 1.04580E+04 0.00000E+00
 1.00570E+00 1.00813E+00 1.01155E+00 1.77141E+03 1.77619E+03
 1.00033E+00 6.62805E-03 1.00171E+00 3.05503E-03 1.00112E+00
 6.77165E-03 1.00063E+00 3.17016E-03 9.95869E-01 1.23132E-03
 1.72328E+03 1.83355E+01 9.55000E+03 0.00000E+00
 1.00713E+00 9.93713E-01 1.00165E+00 1.78504E+03 1.76595E+03
 1.00118E+00 5.80273E-03 1.00071E+00 2.82816E-03 1.00119E+00
 5.86479E-03 1.00077E+00 2.55451E-03 9.95598E-01 1.23169E-03
 1.74394E+03 1.30632E+01 1.03190E+04 0.00000E+00
 1.00494E+00 1.01493E+00 1.00227E+00 1.73066E+03 1.74600E+03
 1.00160E+00 5.13459E-03 1.00229E+00 2.95269E-03 1.00131E+00
 5.17367E-03 1.00230E+00 2.88951E-03 9.95627E-01 1.25270E-03
 1.74580E+03 1.06308E+01 1.00550E+04 0.00000E+00
 1.00357E+00 9.99281E-01 1.00309E+00 1.71272E+03 1.74028E+03
 1.00179E+00 4.59674E-03 1.00199E+00 2.65803E-03 1.00148E+00
 4.63089E-03 1.00212E+00 2.54525E-03 9.95281E-01 1.22583E-03
 1.74629E+03 9.41718E+00 9.92100E+03 0.00000E+00
 1.01103E+00 1.00365E+00 1.01286E+00 1.79084E+03 1.77910E+03
 1.00263E+00 4.24175E-03 1.00214E+00 2.40903E-03 1.00252E+00
 4.31448E-03 1.00232E+00 2.26961E-03 9.95196E-01 1.24756E-03
 1.74973E+03 8.74085E+00 9.96300E+03 0.00000E+00
 1.00601E+00 9.98134E-01 1.01380E+00 1.78864E+03 1.77334E+03
 1.00291E+00 3.88236E-03 1.00180E+00 2.22430E-03 1.00346E+00
 4.04914E-03 1.00193E+00 2.14209E-03 9.95001E-01 1.25764E-03
 1.74990E+03 8.23676E+00 1.01400E+04 0.00000E+00
 1.00092E+00 9.90089E-01 1.00392E+00 1.74190E+03 1.74134E+03
 1.00276E+00 3.57454E-03 1.00090E+00 2.23574E-03 1.00349E+00
 3.72484E-03 1.00133E+00 2.15256E-03 9.94858E-01 1.28212E-03
 1.74913E+03 7.27747E+00 1.00810E+04 0.00000E+00
 1.01180E+00 9.91218E-01 1.01547E+00 1.79077E+03 1.77753E+03
 1.00341E+00 3.37181E-03 1.00021E+00 2.18245E-03 1.00435E+00
 3.55312E-03 1.00113E+00 2.06081E-03 9.94923E-01 1.31197E-03
 1.75140E+03 6.76257E+00 9.99000E+03 0.00000E+00
 1.00089E+00 9.96300E-01 9.98860E-01 1.72542E+03 1.72763E+03
 1.00324E+00 3.14345E-03 9.99951E-01 2.04841E-03 1.00398E+00
 3.32796E-03 1.00088E+00 1.90572E-03 9.94938E-01 1.34828E-03
 1.74965E+03 6.46338E+00 1.02720E+04 0.00000E+00
 9.91677E-01 9.96093E-01 9.91009E-01 1.72097E+03 1.73733E+03
 1.00252E+00 3.02792E-03 9.99710E-01 1.93123E-03 1.00317E+00
 3.21691E-03 1.00043E+00 1.80428E-03 9.94912E-01 1.37715E-03
 1.74940E+03 6.13984E+00 9.94900E+03 0.00000E+00
 1.00332E+00 9.83648E-01 1.00273E+00 1.77674E+03 1.74624E+03
 1.00256E+00 2.84463E-03 9.98765E-01 2.04539E-03 1.00315E+00
 3.02187E-03 9.99942E-01 1.84250E-03 9.94900E-01 1.40834E-03
 1.74785E+03 5.87419E+00 1.00320E+04 0.00000E+00
 1.00805E+00 9.91598E-01 1.01035E+00 1.76508E+03 1.74422E+03
 1.00287E+00 2.69918E-03 9.98367E-01 1.96909E-03 1.00355E+00
 2.87701E-03 9.99829E-01 1.77184E-03 9.95150E-01 1.42551E-03
 1.74735E+03 5.77987E+00 1.01390E+04 0.00000E+00
 9.79771E-01 9.84786E-01 9.84278E-01 1.74936E+03 1.71859E+03
 1.00165E+00 2.82782E-03 9.97652E-01 1.99501E-03 1.00253E+00
 2.90419E-03 9.99005E-01 1.96218E-03 9.95204E-01 1.47014E-03
 1.74509E+03 5.88641E+00 1.00760E+04 0.00000E+00
 1.00554E+00 9.91670E-01 1.00359E+00 1.77660E+03 1.76854E+03
 1.00185E+00 2.68975E-03 9.97353E-01 1.91612E-03 1.00259E+00
 2.75566E-03 9.98846E-01 1.87101E-03 9.95504E-01 1.49423E-03
 1.74698E+03 5.63025E+00 9.63000E+03 0.00000E+00
 9.98820E-01 9.99981E-01 9.97949E-01 1.70606E+03 1.74448E+03
 1.00170E+00 2.56252E-03 9.97478E-01 1.82689E-03 1.00236E+00
 2.63044E-03 9.98886E-01 1.76000E-03 9.95590E-01 1.53275E-03
 1.74746E+03 5.18486E+00 1.00880E+04 0.00000E+00
 9.65115E-01 9.89299E-01 9.69180E-01 1.66362E+03 1.69333E+03
 1.00004E+00 2.95558E-03 9.97106E-01 1.78110E-03 1.00086E+00
 2.92669E-03 9.97998E-01 1.82324E-03 9.95484E-01 1.56795E-03
 1.74472E+03 5.08113E+00 9.91400E+03 0.00000E+00
 9.78761E-01 9.91176E-01 9.79833E-01 1.73366E+03 1.72774E+03
 9.99115E-01 2.97183E-03 9.96849E-01 1.72132E-03 9.99942E-01
 2.94214E-03 9.97526E-01 1.78035E-03 9.95702E-01 1.59805E-03
 1.74382E+03 4.93250E+00 9.67600E+03 0.00000E+00
 1.00612E+00 9.96238E-01 1.00448E+00 1.74910E+03 1.74483E+03
 9.99407E-01 2.86025E-03 9.96823E-01 1.64823E-03 1.00013E+00
 2.82323E-03 9.97532E-01 1.69669E-03 9.95866E-01 1.63570E-03
 1.74368E+03 4.72851E+00 1.00220E+04 0.00000E+00
 1.00220E+00 1.00640E+00 1.00356E+00 1.73313E+03 1.75281E+03
 9.99519E-01 2.74572E-03 9.97206E-01 1.62667E-03 1.00027E+00
 2.71142E-03 9.97884E-01 1.66596E-03 9.95826E-01 1.68118E-03
 1.74430E+03 4.57473E+00 1.01740E+04 0.00000E+00
 9.92133E-01 9.84178E-01 9.92773E-01 1.73279E+03 1.74101E+03
 9.99235E-01 2.65325E-03 9.96705E-01 1.64122E-03 9.99980E-01
 2.62095E-03 9.97461E-01 1.68149E-03 9.95498E-01 1.70716E-03
 1.74417E+03 4.40612E+00 1.00190E+04 0.00000E+00
 9.86967E-01 9.94026E-01 9.85337E-01 1.74604E+03 1.73403E+03
 9.98780E-01 2.59321E-03 9.96606E-01 1.58237E-03 9.99438E-01
 2.57967E-03 9.97197E-01 1.60948E-03 9.95860E-01 1.73359E-03
 1.74361E+03 4.26106E+00 9.81300E+03 0.00000E+00
 1.01512E+00 9.89561E-01 1.01746E+00 1.76942E+03 1.75961E+03
 9.99364E-01 2.56608E-03 9.96354E-01 1.54543E-03 1.00008E+00
 2.56779E-03 9.97165E-01 1.57180E-03 9.95927E-01 1.78015E-03
 1.74409E+03 4.12392E+00 9.86200E+03 0.00000E+00
 1.00427E+00 1.00058E+00 1.00197E+00 1.77300E+03 1.75418E+03
 9.99533E-01 2.48179E-03 9.96500E-01 1.49830E-03 1.00015E+00
 2.47852E-03 9.97319E-01 1.51020E-03 9.96137E-01 1.86488E-03
 1.74424E+03 3.97282E+00 1.04040E+04 0.00000E+00
 9.97077E-01 1.00880E+00 9.96856E-01 1.70915E+03 1.73978E+03
 9.99451E-01 2.39904E-03 9.96910E-01 1.50448E-03 1.00004E+00
 2.39699E-03 9.97695E-01 1.47769E-03 9.95990E-01 1.91617E-03
 1.74513E+03 3.80776E+00 9.90900E+03 0.00000E+00
 9.73081E-01 9.94465E-01 9.76395E-01 1.68147E+03 1.69275E+03
 9.98600E-01 2.47137E-03 9.96831E-01 1.45728E-03 9.99274E-01
 2.44059E-03 9.97458E-01 1.44563E-03 9.95623E-01 1.92350E-03
 1.74408E+03 4.19106E+00 9.89900E+03 0.00000E+00
 1.00420E+00 9.87240E-01 1.00228E+00 1.76822E+03 1.75178E+03
 9.98775E-01 2.39929E-03 9.96532E-01 1.44248E-03 9.99368E-01
 2.36496E-03 9.97225E-01 1.41856E-03 9.95714E-01 1.99898E-03
 1.74416E+03 4.04082E+00 9.78400E+03 0.00000E+00
 9.97189E-01 9.86424E-01 9.92489E-01 1.74142E+03 1.73160E+03
 9.98727E-01 2.32594E-03 9.96225E-01 1.43125E-03 9.99160E-01
 2.30163E-03 9.96870E-01 1.39642E-03 9.96017E-01 2.05332E-03
 1.74367E+03 3.94775E+00 1.03850E+04 0.00000E+00
 1.02976E+00 1.00930E+00 1.03234E+00 1.80296E+03 1.80265E+03
 9.99640E-01 2.43404E-03 9.96610E-01 1.44079E-03 1.00014E+00
 2.43681E-03 9.97162E-01 1.46836E-03 9.96351E-01 2.08219E-03
 1.74533E+03 4.23916E+00 9.85800E+03 0.00000E+00
 9.96593E-01 1.01339E+00 9.91796E-01 1.70964E+03 1.71532E+03
 9.99553E-01 2.36508E-03 9.97089E-01 1.47893E-03 9.99897E-01
 2.37813E-03 9.97708E-01 1.44523E-03 9.95426E-01 2.14465E-03
 1.74475E+03 4.23985E+00 1.01430E+04 0.00000E+00
 1.00914E+00 9.99117E-01 1.00735E+00 1.74855E+03 1.76484E+03
 9.99819E-01 2.31383E-03 9.97146E-01 1.43836E-03 1.00010E+00
 2.32039E-03 9.97796E-01 1.40789E-03 9.95182E-01 2.06679E-03
 1.74535E+03 4.20217E+00 9.82200E+03 0.00000E+00
 1.00266E+00 9.95024E-01 1.00517E+00 1.73196E+03 1.75669E+03
 9.99896E-01 2.25173E-03 9.97088E-01 1.40012E-03 1.00024E+00
 2.26095E-03 9.97784E-01 1.37427E-03 9.94974E-01 2.17046E-03
 1.74579E+03 4.13281E+00 1.01410E+04 0.00000E+00
 9.92723E-01 9.99715E-01 9.89145E-01 1.73779E+03 1.74827E+03
 9.99707E-01 2.19979E-03 9.97158E-01 1.36453E-03 9.99949E-01
 2.21994E-03 9.97770E-01 1.32693E-03 9.94955E-01 2.32566E-03
 1.74596E+03 4.01199E+00 9.84900E+03 0.00000E+00
 9.73191E-01 9.86914E-01 9.72480E-01 1.68560E+03 1.70430E+03
 9.99027E-01 2.24793E-03 9.96895E-01 1.35479E-03 9.99245E-01
 2.27409E-03 9.97340E-01 1.33577E-03 9.94809E-01 2.39577E-03
 1.74521E+03 4.05088E+00 9.91500E+03 0.00000E+00
 9.83105E-01 1.00163E+00 9.86662E-01 1.76218E+03 1.73501E+03
 9.98629E-01 2.22688E-03 9.97013E-01 1.32578E-03 9.98930E-01
 2.23872E-03 9.97378E-01 1.29877E-03 9.95081E-01 2.44307E-03
 1.74462E+03 3.94669E+00 9.74500E+03 0.00000E+00
 1.01437E+00 9.88736E-01 1.01421E+00 1.75409E+03 1.76300E+03
 9.99013E-01 2.20554E-03 9.96811E-01 1.30870E-03 9.99303E-01
 2.21500E-03 9.97309E-01 1.27536E-03 9.94790E-01 2.53533E-03
 1.74511E+03 3.89061E+00 9.99900E+03 0.00000E+00
 1.00188E+00 1.00604E+00 9.99906E-01 1.70788E+03 1.72463E+03
 9.99081E-01 2.15347E-03 9.97031E-01 1.29592E-03 9.99317E-01
 2.16167E-03 9.97512E-01 1.25360E-03 9.95629E-01 2.80887E-03
 1.74464E+03 3.78504E+00 1.03230E+04 0.00000E+00
 1.00516E+00 9.96856E-01 1.00488E+00 1.74899E+03 1.74101E+03
 9.99223E-01 2.10753E-03 9.97027E-01 1.26543E-03 9.99447E-01
 2.11477E-03 9.97534E-01 1.22540E-03 9.95080E-01 2.85863E-03
 1.74449E+03 3.68210E+00 9.89400E+03 0.00000E+00
 9.81121E-01 9.81758E-01 9.86136E-01 1.70830E+03 1.70540E+03
 9.98811E-01 2.09977E-03 9.96680E-01 1.28412E-03 9.99144E-01
 2.08818E-03 9.97253E-01 1.24768E-03 9.95016E-01 3.16541E-03
 1.74362E+03 3.72773E+00 9.88600E+03 0.00000E+00
 9.88615E-01 9.98004E-01 9.88989E-01 1.73526E+03 1.72715E+03
 9.98585E-01 2.06505E-03 9.96709E-01 1.25560E-03 9.98919E-01
 2.05368E-03 9.97227E-01 1.21631E-03 9.96545E-01 3.29325E-03
 1.74327E+03 3.68484E+00 9.83800E+03 0.00000E+00
 1.00008E+00 9.99470E-01 1.00180E+00 1.74101E+03 1.74785E+03
 9.98617E-01 2.01992E-03 9.96769E-01 1.22947E-03 9.98981E-01
 2.00952E-03 9.97291E-01 1.19258E-03 9.96372E-01 3.48223E-03
 1.74332E+03 3.63665E+00 1.01580E+04 0.00000E+00
 1.02377E+00 1.00545E+00 1.02152E+00 1.79094E+03 1.77806E+03
 9.99152E-01 2.04766E-03 9.96954E-01 1.21714E-03 9.99461E-01
 2.02393E-03 9.97505E-01 1.19258E-03 9.96070E-01 3.88580E-03
 1.74398E+03 3.62750E+00 1.02990E+04 0.00000E+00
 9.91654E-01 1.00121E+00 9.89771E-01 1.70614E+03 1.72368E+03
 9.98996E-01 2.01062E-03 9.97043E-01 1.19480E-03 9.99259E-01
 1.99157E-03 9.97531E-01 1.16189E-03 9.93332E-01 4.92529E-03
 1.74370E+03 3.57592E+00 1.01260E+04 0.00000E+00
 1.00792E+00 1.00653E+00 1.00266E+00 1.77017E+03 1.76461E+03
 9.99178E-01 1.97756E-03 9.97237E-01 1.18608E-03 9.99328E-01
 1.95174E-03 9.97687E-01 1.14227E-03 9.93032E-01 5.12346E-03
 1.74406E+03 3.53029E+00 9.67800E+03 0.00000E+00
 9.92298E-01 1.00122E+00 9.88826E-01 1.72038E+03 1.71979E+03
 9.99041E-01 1.94248E-03 9.97316E-01 1.16486E-03 9.99118E-01
 1.92381E-03 9.97685E-01 1.11504E-03 9.88977E-01 5.04784E-03
 1.74365E+03 3.51219E+00 1.00080E+04 0.00000E+00
 9.94610E-01 9.94967E-01 9.94664E-01 1.69690E+03 1.71499E+03
 9.98954E-01 1.90599E-03 9.97270E-01 1.14272E-03 9.99031E-01
 1.88773E-03 9.97630E-01 1.09367E-03 9.88114E-01 5.05483E-03
 1.74342E+03 3.50148E+00 9.78000E+03 0.00000E+00
 9.83511E-01 1.00297E+00 9.80625E-01 1.69602E+03 1.70679E+03
 9.98657E-01 1.89243E-03 9.97380E-01 1.12587E-03 9.98677E-01
 1.88461E-03 9.97632E-01 1.06793E-03 9.86385E-01 5.91831E-03
 1.74294E+03 3.51481E+00 9.86900E+03 0.00000E+00
 9.92832E-01 9.97942E-01 1.00008E+00 1.75332E+03 1.75752E+03
 9.98547E-01 1.85963E-03 9.97391E-01 1.10448E-03 9.98703E-01
 1.84890E-03 9.97690E-01 1.04967E-03 9.87805E-01 6.54836E-03
 1.74337E+03 3.42606E+00 9.99300E+03 0.00000E+00
 9.58124E-01 9.71965E-01 9.54116E-01 1.64168E+03 1.66705E+03
 9.97798E-01 1.97243E-03 9.96920E-01 1.18168E-03 9.97878E-01
 1.99339E-03 9.97069E-01 1.16919E-03 9.88910E-01 7.62655E-03
 1.74248E+03 3.62040E+00 1.01650E+04 0.00000E+00
 9.85831E-01 9.92858E-01 9.82490E-01 1.73654E+03 1.72244E+03
 9.97581E-01 1.94843E-03 9.96846E-01 1.16235E-03 9.97598E-01
 1.97671E-03 9.96954E-01 1.15170E-03 9.86878E-01 5.71803E-03
 1.74181E+03 3.56845E+00 9.68200E+03 0.00000E+00
 9.82553E-01 9.82711E-01 9.84989E-01 1.72743E+03 1.71464E+03
 9.97312E-01 1.93204E-03 9.96593E-01 1.16898E-03 9.97373E-01
 1.95410E-03 9.96711E-01 1.15772E-03 9.86579E-01 6.94410E-03
 1.74090E+03 3.51956E+00 1.04410E+04 0.00000E+00
 9.75710E-01 9.88505E-01 9.72313E-01 1.70580E+03 1.71010E+03
 9.96933E-01 1.93532E-03 9.96452E-01 1.15702E-03 9.96933E-01
 1.96922E-03 9.96512E-01 1.15190E-03 9.95712E-01 7.31847E-03
 1.74023E+03 3.47595E+00 9.98900E+03 0.00000E+00
 9.83901E-01 9.80834E-01 9.81486E-01 1.71724E+03 1.71842E+03
 9.96709E-01 1.91488E-03 9.96182E-01 1.16835E-03 9.96667E-01
 1.95322E-03 9.96245E-01 1.16501E-03 0.00000E+00 0.00000E+00
 1.73998E+03 3.45574E+00 9.98300E+03 0.00000E+00
 1.00221E+00 1.01055E+00 1.00369E+00 1.73053E+03 1.73228E+03
 9.96802E-01 1.88446E-03 9.96426E-01 1.17392E-03 9.96786E-01
 1.92351E-03 9.96477E-01 1.16719E-03 0.00000E+00 0.00000E+00
 1.73982E+03 3.37494E+00 1.00780E+04 0.00000E+00
 9.82755E-01 9.89314E-01 9.78215E-01 1.72459E+03 1.70778E+03
 9.96568E-01 1.86751E-03 9.96307E-01 1.16026E-03 9.96476E-01
 1.91634E-03 9.96339E-01 1.15637E-03 0.00000E+00 0.00000E+00
 1.73903E+03 3.37024E+00 1.02050E+04 0.00000E+00
