                                       2       10000         187353
 phtvr -- Double fluorence test with dxtran and forced collisions               
ntal     4
    1    4    8   18
tally    1    2    0
f        1
      1
d        1
u        0
s        0
m        0
c        2
  0.00000E+00  1.00000E+00
e        0
t        0
vals
  1.83463E-04 0.0505  1.35998E-02 0.0348
tfc   10       1       1       1       1       1       2       1       1
       1000  1.25769E-02  1.14308E-01
       2000  1.17210E-02  8.36674E-02
       3000  1.19490E-02  6.77087E-02
       4000  1.20982E-02  5.85069E-02
       5000  1.25921E-02  5.12826E-02
       6000  1.33275E-02  4.55135E-02
       7000  1.34552E-02  4.18272E-02
       8000  1.35197E-02  3.90268E-02
       9000  1.34739E-02  3.68628E-02
      10000  1.35998E-02  3.48204E-02
tally    4    2    0
f        1
      1
d        1
u        0
s        0
m        0
c        0
et      23
  0.00000E+00  1.00000E-08  2.00000E-03  1.24211E-02  2.28421E-02  3.32632E-02
  4.36842E-02  5.41053E-02  6.45263E-02  7.49474E-02  8.53684E-02  9.57895E-02
  1.06211E-01  1.16632E-01  1.27053E-01  1.37474E-01  1.47895E-01  1.58316E-01
  1.68737E-01  1.79158E-01  1.89579E-01  2.00000E-01
t        0
vals
  0.00000E+00 0.0000  0.00000E+00 0.0000  0.00000E+00 0.0000  0.00000E+00 0.0000
  6.51356E-10 0.0178  0.00000E+00 0.0000  0.00000E+00 0.0000  0.00000E+00 0.0000
  1.67783E-12 0.9095  1.11496E-10 0.1583  2.58398E-10 0.1201  6.31984E-09 0.0281
  1.06042E-08 0.0219  6.17312E-09 0.0348  1.35708E-10 0.1470  1.29221E-10 0.1606
  1.72116E-10 0.1639  2.19669E-10 0.1674  1.53137E-10 0.1553  2.46172E-10 0.1695
  3.25710E-10 0.1353  4.44870E-08 0.0094  6.99888E-08 0.0075
tfc   10       1       1       1       1       1       1      23       1
       1000  7.11485E-08  2.30527E-02
       2000  7.02815E-08  1.65405E-02
       3000  6.99335E-08  1.37426E-02
       4000  6.93897E-08  1.18202E-02
       5000  6.95265E-08  1.06703E-02
       6000  6.92849E-08  9.70719E-03
       7000  6.96472E-08  8.98352E-03
       8000  6.97508E-08  8.39657E-03
       9000  6.99715E-08  7.90693E-03
      10000  6.99888E-08  7.51157E-03
tally    8    2    0
f        1
      1
d        1
u        0
s        0
m        0
c        0
et      23
  0.00000E+00  1.00000E-08  2.00000E-03  1.24211E-02  2.28421E-02  3.32632E-02
  4.36842E-02  5.41053E-02  6.45263E-02  7.49474E-02  8.53684E-02  9.57895E-02
  1.06211E-01  1.16632E-01  1.27053E-01  1.37474E-01  1.47895E-01  1.58316E-01
  1.68737E-01  1.79158E-01  1.89579E-01  2.00000E-01
t        0
vals
  0.00000E+00 0.0000  5.02170E-02 0.0428  0.00000E+00 0.0000  4.99352E-04 0.4364
  4.77611E-04 0.4043  1.24973E-04 0.8055  1.07186E-04 0.9336  2.03437E-04 0.6953
  2.32605E-04 0.5893  1.11801E-04 0.8971  3.42716E-05 0.3420  9.00499E-03 0.1023
  1.98528E-02 0.0690  7.22266E-04 0.2468  4.99807E-04 0.4022  2.17964E-05 0.4447
  1.75013E-05 0.5580  1.27928E-05 0.8197  2.27900E-05 0.5484  5.36622E-05 0.3589
  5.10775E-04 0.4380  9.17200E-01 0.0030  9.99927E-01 0.0002
tfc   10       1       1       1       1       1       1      23       1
       1000  1.00036E+00  4.35515E-04
       2000  1.00035E+00  2.89335E-04
       3000  1.00053E+00  2.28599E-04
       4000  1.00029E+00  2.20754E-04
       5000  1.00037E+00  1.99549E-04
       6000  1.00017E+00  1.98101E-04
       7000  1.00010E+00  1.84320E-04
       8000  1.00002E+00  1.74408E-04
       9000  1.00002E+00  1.64675E-04
      10000  9.99927E-01  1.58739E-04
tally   18    2    0
f        1
      1
d        1
u        0
s        0
m        0
c        0
e        0
t        0
vals
  1.86586E-01 0.0025
tfc   10       1       1       1       1       1       1       1       1
       1000  1.87594E-01  7.55777E-03
       2000  1.88437E-01  5.13267E-03
       3000  1.88209E-01  4.23930E-03
       4000  1.88053E-01  3.71376E-03
       5000  1.87577E-01  3.39373E-03
       6000  1.86852E-01  3.19991E-03
       7000  1.86730E-01  2.96991E-03
       8000  1.86666E-01  2.78508E-03
       9000  1.86715E-01  2.62030E-03
      10000  1.86586E-01  2.50080E-03
