testprob23 - forward 80 group electron-photon detector chip problem
c     region 1  aluminum 
c   10  1  -2.7  1   -10   31  -40   71  -72
c   11  1  -2.7  1   -10   31  -32    72  -82
c   12  1  -2.7  1   -10   39  -40   72  -82
c   13  1  -2.7  1   -2    32  -39    72  -82
c   14  1  -2.7  9   -10   32  -39    72  -82
c 7   15  1  -2.7  1   -10   31  -40   82  -83
c     regions 13 and 14  aluminum and oxygen
c  130  4  -3.7  2   -9    32  -33    72  -75
c  131  4  -3.7  2   -9    38  -39    72  -75
c  132  4  -3.7  2   -3    33  -38    72  -75
c  133  4  -3.7  8   -9    33  -38    72  -75
c     region 8  void
c   80  0        3   -8    33  -38    72  -73
c   81  0        3   -8    33  -34    73  -74
c   82  0        3   -8    37  -38    73  -74
c   83  0        3   -4    34  -37    73  -74
c   84  0        7   -8    34  -37    73  -74
c     region 7  tungsten
c   70  2  -19.3  4   -7    34  -37    73  -74
c   71  2  -19.3  3   -8    33  -38    74  -75
c     region 12 aluminum and oxygen
c  120  4  -3.7  2   -9    32  -39    75  -76
c     region 11 aluminum and oxygen
c  110  4  -3.7  2   -9    32  -35    76  -78
c  111  4  -3.7  2   -9    36  -39    76  -78
c  112  4  -3.7  2   -5    35  -36    76  -78
c  113  4  -3.7  6   -9    35  -36    76  -78
c     region  6 silicon
c   60  3  -2.33  5   -6    35  -36    76  -77
c     region  5 void
c   50  0        5   -6    35  -36    77  -78
c     region  10 aluminum and oxygen
c  100  4  -3.7  2   -9    32  -34    78  -80
c  101  4  -3.7  2   -9    37  -39    78  -80
c  102  4  -3.7  2   -4    34  -37    78  -80
c  103  4  -3.7  7   -9    34  -37    78  -80
c     region  4 void 
c   40  0        4   -7    34  -37    78  -79
c     region  3 aluminum
c   30  1  -2.7  4   -7    34  -37    79  -80
c     region 9  void
c   90  0        2   -9    32  -33    80  -81
c   91  0        2   -9    38  -39    80  -81
c   92  0        2   -3    33  -38    80  -81
c   93  0        8   -9    33  -38    80  -81
c   94  0        2   -9    32  -34    81  -82
c   95  0        2   -9    37  -39    81  -82
c   96  0        2   -4    34  -37    81  -82
c   97  0        7   -9    34  -37    81  -82
c     region 2 tungsten
c   20  2  -19.3  3   -8    33  -38    80  -81
c   21  2  -19.3  4   -7    34  -37    81  -82
c     region 15 outer void
c  150  0        1  -10   -31  71  -83
c  151  0        1  -10  40  71  -83
c  152  0       -1  71  -83
c  153  0        10  71  -83
c  154  0       -71
c  155  0        83
c 
c    1  px  -1.31
c    2  px  -1.21
c    3  px  -.794
c    4  px  -.603
c    5  px  -.476
c    6  px   .476
c    7  px   .603
c    8  px   .794
c    9  px   1.21
c   10  px   1.31
c   31  py  -1.31
c   32  py  -1.21
c   33  py  -.794
c   34  py  -.603
c   35  py  -.476
c   36  py   .476
c   37  py   .603
c   38  py   .794
c   39  py   1.21
c   40  py   1.31
c   71  pz   -.102
c   72  pz   0.
c   73  pz   .0381
c   74  pz   .102
c   75  pz   .152
c   76  pz   .229
c   77  pz   .244
c   78  pz   .305
c   79  pz   .335
c   80  pz   .343
c   81  pz   .394
c   82  pz   .457
c 47  83  pz   .559
c 
imp:p  0 1 39r  0 5r 1
imp:e  0 .0625 .125 3r 1. .0625 3r 1. 4r .125 .25 .5 4. 3r 16
        1 4 3r 1 8 1 7r 4 2 0 5r 1
   m1  13027.02p   1.
   m2  elib=01e 74184   1.
   m3  14000   1.
   m4  13027 -.5295  8016 -.4705
c      the source surface area is 6.86440
mode  p e
bbrem 5 15i 3 15i 1 15i .3     1
 sdef  x=d1 y=d2 z=.558999 vec=0 0 1. dir=d3 erg=d5  wgt=6.86440
        par=3  sur=47
  si1  -1.31  -.603  .603    1.31
  sp1  0  .27 .46 .27
  si2  -1.31  -.603  .603  1.31
  sp2  0  .27 .46 .27
  si3  -1. 0.
  sp3  -21 1
  si5      0.50000e-01 0.21061e+00 0.37121e+00 0.53182e+00 0.69242e+00
           0.85303e+00 0.10136e+01 0.11742e+01 0.13348e+01 0.14955e+01
           0.16561e+01 0.18167e+01 0.19773e+01 0.21379e+01 0.22985e+01
           0.24591e+01 0.26197e+01 0.27803e+01 0.29409e+01 0.31015e+01
           0.32621e+01 0.34227e+01 0.35833e+01 0.37439e+01 0.39045e+01
           0.40651e+01 0.42258e+01 0.43864e+01 0.45470e+01 0.47076e+01
           0.48682e+01 0.50288e+01 0.51894e+01 0.53500e+01 0.55106e+01
           0.56712e+01 0.58318e+01 0.59924e+01 0.61530e+01 0.63136e+01
           0.64742e+01 0.66348e+01 0.67955e+01 0.69561e+01 0.71167e+01
           0.72773e+01 0.74379e+01 0.75985e+01 0.77591e+01 0.79197e+01
           0.80803e+01
  sp5      0.00000e+00 0.10951e+00 0.99484e-01 0.90118e-01 0.81402e-01
           0.73321e-01 0.65855e-01 0.58981e-01 0.52676e-01 0.46911e-01
           0.41659e-01 0.36890e-01 0.32574e-01 0.28682e-01 0.25183e-01
           0.22049e-01 0.19250e-01 0.16758e-01 0.14548e-01 0.12594e-01
           0.10871e-01 0.93572e-02 0.80315e-02 0.68740e-02 0.58667e-02
           0.49928e-02 0.42371e-02 0.35856e-02 0.30256e-02 0.25459e-02
           0.21361e-02 0.17873e-02 0.14911e-02 0.12406e-02 0.10292e-02
           0.85136e-03 0.70229e-03 0.57767e-03 0.47383e-03 0.38755e-03
           0.31608e-03 0.25706e-03 0.20847e-03 0.16859e-03 0.13595e-03
           0.10932e-03 0.87652e-04 0.70083e-04 0.55877e-04 0.44424e-04
           0.35218e-04
sb5  0  1  28r 2 20r
*f818:p,e  24
sd818  .031939
f414:p  24
fm414 (1.0 1 -1)(2.0 1 -2)
f424:e  24
sd414  .031939
sd424  .031939
f6:p 24
ft6  scx 5
fq6  u t
*f8:e 24
ft8 Geb 1 2 0
dxt:p 0 0 0 0.001 0.005
dd0 -1e-8
phys:e  8.080301  0 0 1 1 .6 .7 1.3 1.4
phys:p  0 0 1
cut:p  1j  .001
cut:e  1j  .05
  nps  2000
prdmp 2j -1
elpt:e  0 .05  15r 1. 3r .05 17r 1. 1. 0 5r 1
fcl:p  0  22r  1  0  23r
print 120 130
+f18:e 24
ptrac file=asc write=all event=src,bnk,sur,col,ter filter=1,8,erg
      type=e surface=5,6 tally=-8 value=1

