         1         1         2        16
         1         1
   5.0000       16.000       1.0000      -100.10      0.10000      0.10000    
   1.0000       6.0000       1.0000       139.90      0.10000      0.10000    
  -100.10      0.10000       50.100       2.0000    
  0.00000E+00   5.0000       50.000       1.0000    
  0.00000E+00   1.0000       50.000       1.0000       1.0000       80.000    
   1.0000       3.0000       110.00       1.0000       8.0000       150.00    
   1.0000       2.0000       190.00       1.0000       1.0000       240.00    
   1.0000    
  0.00000E+00   1.0000       1.0000       1.0000    
   100.00    
  0.00000E+00   7.1585       5.3190       105.27      0.00000E+00   1.0045    
  0.81008      0.69403      0.99219       2.8318      0.76420      0.72223    
  0.85566       1.0378       1.3278      0.91185      0.89605      0.94985    
   1.0967       1.2007      0.50000      0.69198      0.82904       1.0541    
   1.5554      0.27160      0.27805      0.34788      0.72148       2.1326    
  0.22193      0.15975      0.19172      0.41377       1.4406      0.14957    
  0.12043      0.16480      0.25201      0.87530      0.11445      0.10837    
  0.13538      0.21743      0.64422      0.13032      0.10830      0.11679    
  0.18631      0.43269      0.13416      0.10477      0.10190      0.13496    
  0.22550      0.13829      0.10419      0.88758E-01  0.10025      0.18828    
  0.10831      0.88870E-01  0.71847E-01  0.68289E-01  0.11804      0.88661E-01
  0.61410E-01  0.56984E-01  0.53854E-01  0.47248E-01  0.14946      0.10601    
  0.70312E-01  0.53241E-01  0.81489E-01  0.00000E+00  0.00000E+00  0.00000E+00
  0.75064E-01  0.00000E+00
   100.00    
  0.00000E+00  0.00000E+00  0.00000E+00  0.00000E+00  0.00000E+00   24.148    
   7.8347       183.20       46.067       47.820       27.958       8.2839    
   111.81       14.900       15.972       53.920       9.8832       37.256    
   5.6428       8.1773       4.8512       10.629       10.058       3.4759    
   9.9894       1.5069       1.8726       1.4302       2.7727       18.253    
  0.80661      0.62727      0.70879       1.7375       12.909      0.45736    
  0.33300      0.53790       1.3079       8.6773      0.27081      0.26990    
  0.43218      0.90734       5.8522      0.27657      0.22151      0.30024    
  0.66371       2.0579      0.52321      0.23198      0.21915      0.32914    
  0.62804      0.32838      0.30031      0.15466      0.13634      0.47960    
  0.16319      0.16034      0.79733E-01  0.60222E-01  0.29523      0.31751    
  0.10511      0.33799E-01  0.30190E-01  0.95710E-01  0.50675      0.26129    
  0.13305      0.11206      0.53059       18.398       7.8040       3.3122    
   57.811      0.00000E+00
