wwe:n  1.0000E+00  2.0000E+01
wwn1:n  -1          -1.0000E+00  0.0000E+00  1.9347E+00  1.2947E+00  1.3762E+00
         4.7348E+00  0.0000E+00  0.0000E+00  0.0000E+00  0.0000E+00
        -1.0000E+00 -1.0000E+00
wwn2:n  -1          -1.0000E+00  0.0000E+00  0.0000E+00  4.4088E-02  6.2841E-02
         1.2896E-01  0.0000E+00  0.0000E+00  0.0000E+00  0.0000E+00
        -1.0000E+00 -1.0000E+00
wwe:p  1.0000E-01  1.0000E+00  1.0000E+01  1.0000E+02
wwn1:p  -1          -1.0000E+00  0.0000E+00  0.0000E+00  3.6070E-03  1.1607E-01
         1.0346E-03  0.0000E+00  0.0000E+00  0.0000E+00  0.0000E+00
        -1.0000E+00 -1.0000E+00
wwn2:p  -1          -1.0000E+00  0.0000E+00  9.0039E-01  1.6982E-02  1.3503E-02
         2.0771E-03  0.0000E+00  0.0000E+00  0.0000E+00  0.0000E+00
        -1.0000E+00 -1.0000E+00
wwn3:p  -1          -1.0000E+00  0.0000E+00  3.8201E-03  3.4398E-03  3.0660E-03
         4.0306E-03  0.0000E+00  0.0000E+00  0.0000E+00  0.0000E+00
        -1.0000E+00 -1.0000E+00
wwn4:p  -1          -1.0000E+00  0.0000E+00  0.0000E+00  0.0000E+00  0.0000E+00
         0.0000E+00  0.0000E+00  0.0000E+00  0.0000E+00  0.0000E+00
        -1.0000E+00 -1.0000E+00
wwe:e  1.0000E-02  1.0000E-01  1.0000E+00  1.0000E+02
wwn1:e  -1          -1.0000E+00  0.0000E+00  0.0000E+00  0.0000E+00  0.0000E+00
         0.0000E+00  0.0000E+00  0.0000E+00  0.0000E+00  0.0000E+00
        -1.0000E+00 -1.0000E+00
wwn2:e  -1          -1.0000E+00  0.0000E+00  0.0000E+00  0.0000E+00  0.0000E+00
         0.0000E+00  0.0000E+00  0.0000E+00  0.0000E+00  0.0000E+00
        -1.0000E+00 -1.0000E+00
wwn3:e  -1          -1.0000E+00  0.0000E+00  0.0000E+00  0.0000E+00  0.0000E+00
         0.0000E+00  0.0000E+00  0.0000E+00  0.0000E+00  0.0000E+00
        -1.0000E+00 -1.0000E+00
wwn4:e  -1          -1.0000E+00  0.0000E+00  0.0000E+00  0.0000E+00  0.0000E+00
         0.0000E+00  0.0000E+00  0.0000E+00  0.0000E+00  0.0000E+00
        -1.0000E+00 -1.0000E+00
