                                       2        7843         328741
 testprob09 -- kcode in complicated cells and sdef                              
ntal     2
    4    7
tally    4    1    0
f        3
      2      0      5
d        1
u        0
s        0
m        0
c        0
et      33
  1.62524E-01  2.66043E-01  3.58425E-01  4.45672E-01  5.30293E-01  6.13680E-01
  6.96783E-01  7.80264E-01  8.64702E-01  9.50540E-01  1.03829E+00  1.12833E+00
  1.22111E+00  1.31721E+00  1.41707E+00  1.52130E+00  1.63065E+00  1.74593E+00
  1.86807E+00  1.99828E+00  2.13805E+00  2.28926E+00  2.45436E+00  2.63671E+00
  2.84083E+00  3.07352E+00  3.34497E+00  3.67213E+00  4.08642E+00  4.65623E+00
  5.58873E+00  9.00000E+00
t        0
vals
  4.16529E-01 0.0573  5.05236E-01 0.0516  3.98598E-01 0.0551  4.11264E-01 0.0548
  4.17622E-01 0.0552  3.27503E-01 0.0610  3.65749E-01 0.0598  3.33144E-01 0.0639
  2.91539E-01 0.0627  2.80314E-01 0.0685  2.57155E-01 0.0676  2.79362E-01 0.0681
  2.22772E-01 0.0705  2.34594E-01 0.0742  2.37413E-01 0.0695  2.02722E-01 0.0769
  2.29899E-01 0.0728  2.50804E-01 0.0712  2.12568E-01 0.0755  2.03859E-01 0.0764
  2.14425E-01 0.0758  2.08029E-01 0.0776  1.92833E-01 0.0793  1.91289E-01 0.0792
  2.16247E-01 0.0761  2.16277E-01 0.0804  2.03211E-01 0.0779  2.01583E-01 0.0814
  1.87659E-01 0.0834  2.03476E-01 0.0852  2.03350E-01 0.0808  1.81663E-01 0.0841
  8.49869E+00 0.0079  3.21083E-05 0.2099  3.80620E-05 0.2085  4.05755E-05 0.2580
  2.86378E-05 0.2291  3.87205E-05 0.2266  2.60539E-05 0.2505  3.76130E-05 0.2421
  2.18348E-05 0.2581  2.04437E-05 0.2295  2.17404E-05 0.2976  1.97725E-05 0.3013
  1.67407E-05 0.2672  1.58865E-05 0.2990  1.33579E-05 0.3554  2.37981E-05 0.2641
  2.15119E-05 0.3920  1.75813E-05 0.3114  2.17345E-05 0.2849  1.55300E-05 0.2979
  1.57486E-05 0.3137  1.91500E-05 0.2992  1.30185E-05 0.3203  1.55549E-05 0.3380
  7.94225E-06 0.4365  1.24087E-05 0.3885  2.26945E-05 0.2666  6.18713E-06 0.4414
  1.03865E-05 0.3363  9.41391E-06 0.4862  1.62414E-05 0.4801  5.29884E-06 0.4685
  1.22411E-05 0.3433  6.37990E-04 0.0582  2.63007E-01 0.0670  2.76339E-01 0.0604
  2.80024E-01 0.0644  2.85339E-01 0.0626  2.50250E-01 0.0681  2.38583E-01 0.0733
  2.37578E-01 0.0726  2.01689E-01 0.0783  2.02583E-01 0.0763  1.58002E-01 0.0875
  2.05616E-01 0.0813  1.57114E-01 0.0886  1.68062E-01 0.0918  1.90911E-01 0.0843
  1.63023E-01 0.0901  1.72842E-01 0.0900  1.65136E-01 0.0943  1.71834E-01 0.0891
  1.56756E-01 0.0999  1.50640E-01 0.0966  1.70622E-01 0.0908  1.55070E-01 0.0950
  1.40962E-01 0.0985  1.32773E-01 0.1014  1.49751E-01 0.0964  1.42149E-01 0.0971
  1.55131E-01 0.0970  1.48805E-01 0.1049  1.33315E-01 0.1063  1.52373E-01 0.0979
  1.52863E-01 0.0969  1.21303E-01 0.1070  5.85045E+00 0.0084
tfc    8       1       1       1       1       1       1      33       1
       1000  0.00000E+00  0.00000E+00
       2000  8.90604E+00  3.12727E-02
       3000  8.66641E+00  1.69491E-02
       4000  8.37895E+00  1.32497E-02
       5000  8.52723E+00  1.06369E-02
       6000  8.49002E+00  9.40107E-03
       7000  8.51917E+00  8.39762E-03
       7843  8.49869E+00  7.87115E-03
tally    7    1    0
f        3
      2      0      5
d        1
u        0
s        0
m        0
c        0
et      33
  1.62524E-01  2.66043E-01  3.58425E-01  4.45672E-01  5.30293E-01  6.13680E-01
  6.96783E-01  7.80264E-01  8.64702E-01  9.50540E-01  1.03829E+00  1.12833E+00
  1.22111E+00  1.31721E+00  1.41707E+00  1.52130E+00  1.63065E+00  1.74593E+00
  1.86807E+00  1.99828E+00  2.13805E+00  2.28926E+00  2.45436E+00  2.63671E+00
  2.84083E+00  3.07352E+00  3.34497E+00  3.67213E+00  4.08642E+00  4.65623E+00
  5.58873E+00  9.00000E+00
t        0
vals
  3.12974E-01 0.0577  3.17108E-01 0.0517  2.31965E-01 0.0551  2.30155E-01 0.0548
  2.26809E-01 0.0552  1.74700E-01 0.0610  1.93243E-01 0.0598  1.75552E-01 0.0639
  1.54385E-01 0.0627  1.52761E-01 0.0686  1.44731E-01 0.0676  1.57379E-01 0.0681
  1.25746E-01 0.0705  1.33231E-01 0.0742  1.35888E-01 0.0695  1.17202E-01 0.0769
  1.34355E-01 0.0728  1.48333E-01 0.0712  1.26866E-01 0.0755  1.22368E-01 0.0764
  1.28847E-01 0.0758  1.24461E-01 0.0776  1.14372E-01 0.0793  1.12030E-01 0.0792
  1.24974E-01 0.0761  1.22806E-01 0.0804  1.12952E-01 0.0779  1.09780E-01 0.0815
  9.94751E-02 0.0834  1.05378E-01 0.0852  1.00522E-01 0.0808  1.17251E-01 0.0857
  4.88860E+00 0.0080  0.00000E+00 0.0000  0.00000E+00 0.0000  0.00000E+00 0.0000
  0.00000E+00 0.0000  0.00000E+00 0.0000  0.00000E+00 0.0000  0.00000E+00 0.0000
  0.00000E+00 0.0000  0.00000E+00 0.0000  0.00000E+00 0.0000  0.00000E+00 0.0000
  0.00000E+00 0.0000  0.00000E+00 0.0000  0.00000E+00 0.0000  0.00000E+00 0.0000
  0.00000E+00 0.0000  0.00000E+00 0.0000  0.00000E+00 0.0000  0.00000E+00 0.0000
  0.00000E+00 0.0000  0.00000E+00 0.0000  0.00000E+00 0.0000  0.00000E+00 0.0000
  0.00000E+00 0.0000  0.00000E+00 0.0000  0.00000E+00 0.0000  0.00000E+00 0.0000
  0.00000E+00 0.0000  0.00000E+00 0.0000  0.00000E+00 0.0000  0.00000E+00 0.0000
  0.00000E+00 0.0000  0.00000E+00 0.0000  0.00000E+00 0.0000  0.00000E+00 0.0000
  0.00000E+00 0.0000  0.00000E+00 0.0000  0.00000E+00 0.0000  0.00000E+00 0.0000
  0.00000E+00 0.0000  0.00000E+00 0.0000  0.00000E+00 0.0000  0.00000E+00 0.0000
  0.00000E+00 0.0000  0.00000E+00 0.0000  0.00000E+00 0.0000  0.00000E+00 0.0000
  0.00000E+00 0.0000  0.00000E+00 0.0000  0.00000E+00 0.0000  0.00000E+00 0.0000
  0.00000E+00 0.0000  0.00000E+00 0.0000  0.00000E+00 0.0000  0.00000E+00 0.0000
  0.00000E+00 0.0000  0.00000E+00 0.0000  0.00000E+00 0.0000  0.00000E+00 0.0000
  0.00000E+00 0.0000  0.00000E+00 0.0000  0.00000E+00 0.0000  0.00000E+00 0.0000
  0.00000E+00 0.0000  0.00000E+00 0.0000  0.00000E+00 0.0000
tfc    8       1       1       1       1       1       1      33       1
       1000  0.00000E+00  0.00000E+00
       2000  5.13341E+00  3.13624E-02
       3000  4.99374E+00  1.71048E-02
       4000  4.81261E+00  1.33462E-02
       5000  4.89907E+00  1.07362E-02
       6000  4.88163E+00  9.51703E-03
       7000  4.89793E+00  8.48634E-03
       7843  4.88860E+00  7.95313E-03
kcode   51   10   19
 2.55620E-01 2.55620E-01 2.37690E-01 1.37299E+00 1.37299E+00
 0.00000E+00 0.00000E+00 0.00000E+00 0.00000E+00 0.00000E+00
 0.00000E+00 0.00000E+00 0.00000E+00 9.78271E-01 1.69713E-02
 0.00000E+00 0.00000E+00 1.50000E+02 0.00000E+00
 6.28197E-01 6.28197E-01 7.78007E-01 1.68626E+00 1.68687E+00
 0.00000E+00 0.00000E+00 0.00000E+00 0.00000E+00 0.00000E+00
 0.00000E+00 0.00000E+00 0.00000E+00 9.93105E-01 8.21936E-03
 0.00000E+00 0.00000E+00 4.10000E+01 0.00000E+00
 9.59135E-01 9.59135E-01 9.74168E-01 1.67984E+00 1.67969E+00
 0.00000E+00 0.00000E+00 0.00000E+00 0.00000E+00 0.00000E+00
 0.00000E+00 0.00000E+00 0.00000E+00 9.98180E-01 6.75269E-03
 0.00000E+00 0.00000E+00 3.66000E+02 0.00000E+00
 9.42443E-01 9.42443E-01 9.47992E-01 1.45767E+00 1.45766E+00
 0.00000E+00 0.00000E+00 0.00000E+00 0.00000E+00 0.00000E+00
 0.00000E+00 0.00000E+00 0.00000E+00 9.98780E-01 6.87172E-03
 0.00000E+00 0.00000E+00 2.55000E+02 0.00000E+00
 1.01098E+00 1.01098E+00 1.00458E+00 1.69381E+00 1.69409E+00
 0.00000E+00 0.00000E+00 0.00000E+00 0.00000E+00 0.00000E+00
 0.00000E+00 0.00000E+00 0.00000E+00 9.99904E-01 6.92693E-03
 0.00000E+00 0.00000E+00 1.47000E+02 0.00000E+00
 9.54070E-01 9.54070E-01 9.61915E-01 1.76435E+00 1.76435E+00
 0.00000E+00 0.00000E+00 0.00000E+00 0.00000E+00 0.00000E+00
 0.00000E+00 0.00000E+00 0.00000E+00 9.99763E-01 7.07861E-03
 0.00000E+00 0.00000E+00 1.70000E+02 0.00000E+00
 1.03552E+00 1.03552E+00 1.05384E+00 1.61487E+00 1.61473E+00
 0.00000E+00 0.00000E+00 0.00000E+00 0.00000E+00 0.00000E+00
 0.00000E+00 0.00000E+00 0.00000E+00 1.00067E+00 7.18190E-03
 0.00000E+00 0.00000E+00 1.48000E+02 0.00000E+00
 1.05819E+00 1.05819E+00 1.01534E+00 1.62210E+00 1.62210E+00
 0.00000E+00 0.00000E+00 0.00000E+00 0.00000E+00 0.00000E+00
 0.00000E+00 0.00000E+00 0.00000E+00 9.99550E-01 7.26581E-03
 0.00000E+00 0.00000E+00 1.50000E+02 0.00000E+00
 1.01033E+00 1.01033E+00 1.00705E+00 1.70158E+00 1.70141E+00
 0.00000E+00 0.00000E+00 0.00000E+00 0.00000E+00 0.00000E+00
 0.00000E+00 0.00000E+00 0.00000E+00 9.98921E-01 7.40016E-03
 0.00000E+00 0.00000E+00 1.45000E+02 0.00000E+00
 1.01436E+00 1.01436E+00 1.00903E+00 1.75675E+00 1.75675E+00
 0.00000E+00 0.00000E+00 0.00000E+00 0.00000E+00 0.00000E+00
 0.00000E+00 0.00000E+00 0.00000E+00 9.98705E-01 7.57711E-03
 0.00000E+00 0.00000E+00 1.44000E+02 0.00000E+00
 1.12108E+00 1.12108E+00 1.03296E+00 1.64591E+00 1.64591E+00
 0.00000E+00 0.00000E+00 0.00000E+00 0.00000E+00 0.00000E+00
 0.00000E+00 0.00000E+00 0.00000E+00 9.98415E-01 7.76014E-03
 0.00000E+00 0.00000E+00 1.48000E+02 0.00000E+00
 1.01514E+00 1.01514E+00 9.95909E-01 1.62827E+00 1.62827E+00
 1.06811E+00 5.29704E-02 1.06811E+00 5.29704E-02 1.01444E+00
 1.85262E-02 0.00000E+00 0.00000E+00 9.96918E-01 7.78320E-03
 0.00000E+00 0.00000E+00 1.68000E+02 0.00000E+00
 9.35127E-01 9.35127E-01 1.01946E+00 1.71102E+00 1.71101E+00
 1.02378E+00 5.38534E-02 1.02378E+00 5.38534E-02 1.01611E+00
 1.08262E-02 0.00000E+00 0.00000E+00 9.96776E-01 7.98655E-03
 0.00000E+00 0.00000E+00 1.35000E+02 0.00000E+00
 9.32505E-01 9.32505E-01 1.05261E+00 1.64502E+00 1.64450E+00
 1.00096E+00 4.43937E-02 1.00096E+00 4.43937E-02 1.02523E+00
 1.19114E-02 1.02285E+00 1.39777E-02 9.96950E-01 8.20729E-03
 1.66382E+00 1.85805E-02 1.33000E+02 0.00000E+00
 1.02105E+00 1.02105E+00 1.06680E+00 1.55489E+00 1.55489E+00
 1.00498E+00 3.46211E-02 1.00498E+00 3.46211E-02 1.03355E+00
 1.24189E-02 1.03004E+00 1.42845E-02 9.96471E-01 8.46749E-03
 1.64138E+00 2.67372E-02 1.40000E+02 0.00000E+00
 1.02167E+00 1.02167E+00 9.82314E-01 1.63181E+00 1.63181E+00
 1.00776E+00 2.84045E-02 1.00776E+00 2.84045E-02 1.02501E+00
 1.32563E-02 1.02156E+00 1.32935E-02 9.94715E-01 8.58424E-03
 1.63412E+00 2.24537E-02 1.60000E+02 0.00000E+00
 1.10536E+00 1.10536E+00 1.05670E+00 1.62512E+00 1.62449E+00
 1.02170E+00 2.77611E-02 1.02170E+00 2.77611E-02 1.02954E+00
 1.20839E-02 1.02853E+00 1.26764E-02 9.94734E-01 8.81540E-03
 1.63012E+00 2.51703E-02 1.63000E+02 0.00000E+00
 1.04557E+00 1.04557E+00 9.89279E-01 1.44997E+00 1.44993E+00
 1.02469E+00 2.42262E-02 1.02469E+00 2.42262E-02 1.02450E+00
 1.16120E-02 1.02454E+00 1.15221E-02 9.92667E-01 8.73949E-03
 1.61128E+00 2.87428E-02 1.60000E+02 0.00000E+00
 9.96552E-01 9.96552E-01 9.71133E-01 1.61278E+00 1.61305E+00
 1.02156E+00 2.15930E-02 1.02156E+00 2.15930E-02 1.01857E+00
 1.18338E-02 1.01918E+00 1.16095E-02 9.92229E-01 8.97781E-03
 1.61350E+00 2.53793E-02 1.36000E+02 0.00000E+00
 1.01655E+00 1.01655E+00 9.70495E-01 1.45693E+00 1.45693E+00
 1.02106E+00 1.93199E-02 1.02106E+00 1.93199E-02 1.01377E+00
 1.16253E-02 1.01551E+00 1.11466E-02 9.92606E-01 9.25160E-03
 1.60224E+00 2.70392E-02 1.43000E+02 0.00000E+00
 1.05881E+00 1.05881E+00 9.65066E-01 1.50977E+00 1.51009E+00
 1.02449E+00 1.78092E-02 1.02449E+00 1.78092E-02 1.00934E+00
 1.14094E-02 1.01366E+00 1.05290E-02 9.92809E-01 9.54899E-03
 1.59268E+00 2.59595E-02 1.52000E+02 0.00000E+00
 8.51183E-01 8.51183E-01 8.97464E-01 1.72912E+00 1.72912E+00
 1.01005E+00 2.17460E-02 1.01005E+00 2.17460E-02 1.00002E+00
 1.39784E-02 1.00145E+00 1.45261E-02 9.92669E-01 9.88425E-03
 1.60437E+00 2.69185E-02 1.50000E+02 0.00000E+00
 8.92390E-01 8.92390E-01 9.49572E-01 1.86291E+00 1.86291E+00
 1.00100E+00 2.19556E-02 1.00100E+00 2.19556E-02 9.96135E-01
 1.34310E-02 9.96505E-01 1.39864E-02 9.96460E-01 9.37447E-03
 1.62538E+00 3.15230E-02 1.09000E+02 0.00000E+00
 9.15390E-01 9.15390E-01 9.38408E-01 1.66976E+00 1.66975E+00
 9.94883E-01 2.12268E-02 9.94883E-01 2.12268E-02 9.92012E-01
 1.31005E-02 9.92151E-01 1.36205E-02 9.99069E-01 9.33607E-03
 1.62968E+00 2.97282E-02 1.49000E+02 0.00000E+00
 9.80106E-01 9.80106E-01 8.79282E-01 1.55752E+00 1.55752E+00
 9.93898E-01 1.97856E-02 9.93898E-01 1.97856E-02 9.84496E-01
 1.43255E-02 9.86377E-01 1.45554E-02 1.00178E+00 9.28294E-03
 1.62161E+00 2.80965E-02 1.66000E+02 0.00000E+00
 9.22492E-01 9.22492E-01 9.28734E-01 1.53363E+00 1.53363E+00
 9.89435E-01 1.90382E-02 9.89435E-01 1.90382E-02 9.81011E-01
 1.38461E-02 9.82585E-01 1.40929E-02 1.00473E+00 9.10778E-03
 1.61524E+00 2.68838E-02 1.64000E+02 0.00000E+00
 1.01724E+00 1.01724E+00 1.04559E+00 1.81328E+00 1.81328E+00
 9.91071E-01 1.79580E-02 9.91071E-01 1.79580E-02 9.84810E-01
 1.35496E-02 9.86167E-01 1.36154E-02 1.00786E+00 8.88197E-03
 1.62653E+00 2.75703E-02 1.68000E+02 0.00000E+00
 1.05302E+00 1.05302E+00 1.00541E+00 1.62295E+00 1.62309E+00
 9.94513E-01 1.72772E-02 9.94513E-01 1.72772E-02 9.85955E-01
 1.28258E-02 9.87665E-01 1.29809E-02 1.00673E+00 9.18721E-03
 1.62487E+00 2.59994E-02 1.49000E+02 0.00000E+00
 1.00112E+00 1.00112E+00 1.11683E+00 1.75948E+00 1.76065E+00
 9.94860E-01 1.63463E-02 9.94860E-01 1.63463E-02 9.92843E-01
 1.39511E-02 9.93550E-01 1.32184E-02 1.00600E+00 9.58435E-03
 1.62796E+00 2.50936E-02 1.47000E+02 0.00000E+00
 1.05794E+00 1.05794E+00 1.04467E+00 1.63449E+00 1.63449E+00
 9.98014E-01 1.58249E-02 9.98014E-01 1.58249E-02 9.95435E-01
 1.34865E-02 9.96320E-01 1.28485E-02 1.00239E+00 9.32833E-03
 1.63033E+00 2.37044E-02 1.43000E+02 0.00000E+00
 1.04932E+00 1.04932E+00 1.02409E+00 1.58600E+00 1.58600E+00
 1.00046E+00 1.52495E-02 1.00046E+00 1.52495E-02 9.96799E-01
 1.29006E-02 9.98020E-01 1.23438E-02 1.00028E+00 9.51364E-03
 1.63010E+00 2.24516E-02 1.59000E+02 0.00000E+00
 9.49231E-01 9.49231E-01 1.02601E+00 1.68518E+00 1.68518E+00
 9.98129E-01 1.47250E-02 9.98129E-01 1.47250E-02 9.98127E-01
 1.23717E-02 9.98128E-01 1.17354E-02 9.98865E-01 9.88027E-03
 1.63384E+00 2.17323E-02 1.57000E+02 0.00000E+00
 1.01771E+00 1.01771E+00 1.01514E+00 1.40573E+00 1.40590E+00
 9.98980E-01 1.40960E-02 9.98980E-01 1.40960E-02 9.98867E-01
 1.18447E-02 9.98905E-01 1.12290E-02 9.98171E-01 1.04936E-02
 1.62537E+00 2.26478E-02 1.46000E+02 0.00000E+00
 1.01475E+00 1.01475E+00 1.02560E+00 1.65538E+00 1.65538E+00
 9.99637E-01 1.35119E-02 9.99637E-01 1.35119E-02 9.99981E-01
 1.13950E-02 9.99865E-01 1.07848E-02 9.97192E-01 1.10621E-02
 1.62651E+00 2.16857E-02 1.57000E+02 0.00000E+00
 9.84763E-01 9.84763E-01 9.36494E-01 1.55835E+00 1.55838E+00
 9.99042E-01 1.29738E-02 9.99042E-01 1.29738E-02 9.97441E-01
 1.12209E-02 9.98021E-01 1.05111E-02 9.95551E-01 1.16597E-02
 1.62416E+00 2.09350E-02 1.55000E+02 0.00000E+00
 8.78392E-01 8.78392E-01 9.56574E-01 1.60175E+00 1.60134E+00
 9.94402E-01 1.33005E-02 9.94402E-01 1.33005E-02 9.95870E-01
 1.08947E-02 9.95418E-01 1.04320E-02 9.98426E-01 1.18188E-02
 1.62430E+00 2.01432E-02 1.36000E+02 0.00000E+00
 9.62919E-01 9.62919E-01 9.51757E-01 1.65442E+00 1.65443E+00
 9.93236E-01 1.28515E-02 9.93236E-01 1.28515E-02 9.94236E-01
 1.06099E-02 9.93923E-01 1.01430E-02 1.00348E+00 1.22164E-02
 1.62536E+00 1.93895E-02 1.38000E+02 0.00000E+00
 1.05854E+00 1.05854E+00 9.74569E-01 1.63084E+00 1.63084E+00
 9.95568E-01 1.26017E-02 9.95568E-01 1.26017E-02 9.93533E-01
 1.02481E-02 9.94158E-01 9.77381E-03 1.00691E+00 1.25149E-02
 1.62435E+00 1.86426E-02 1.61000E+02 0.00000E+00
 1.04856E+00 1.04856E+00 9.91309E-01 1.59809E+00 1.59844E+00
 9.97395E-01 1.22959E-02 9.97395E-01 1.22959E-02 9.93457E-01
 9.88869E-03 9.94637E-01 9.45248E-03 1.00744E+00 1.32676E-02
 1.62397E+00 1.79972E-02 1.64000E+02 0.00000E+00
 9.62999E-01 9.62999E-01 1.00551E+00 1.79984E+00 1.79987E+00
 9.96249E-01 1.19342E-02 9.96249E-01 1.19342E-02 9.93858E-01
 9.56182E-03 9.94573E-01 9.11453E-03 1.00763E+00 1.44170E-02
 1.62981E+00 1.83468E-02 1.49000E+02 0.00000E+00
 1.06423E+00 1.06423E+00 1.11126E+00 1.60074E+00 1.60074E+00
 9.98442E-01 1.17493E-02 9.98442E-01 1.17493E-02 9.97646E-01
 9.99361E-03 9.97918E-01 9.41367E-03 1.00885E+00 1.58683E-02
 1.63063E+00 1.78540E-02 1.37000E+02 0.00000E+00
 1.01942E+00 1.01942E+00 1.06051E+00 1.72535E+00 1.72486E+00
 9.99097E-01 1.13951E-02 9.99097E-01 1.13951E-02 9.99610E-01
 9.87366E-03 9.99426E-01 9.23677E-03 9.96234E-01 1.34667E-02
 1.63284E+00 1.73365E-02 1.68000E+02 0.00000E+00
 1.05413E+00 1.05413E+00 1.02045E+00 1.55060E+00 1.55057E+00
 1.00077E+00 1.11696E-02 1.00077E+00 1.11696E-02 1.00024E+00
 9.59061E-03 1.00042E+00 9.00529E-03 9.81683E-01 1.07439E-02
 1.63137E+00 1.69131E-02 1.40000E+02 0.00000E+00
 1.04852E+00 1.04852E+00 1.01911E+00 1.66774E+00 1.66776E+00
 1.00217E+00 1.09267E-02 1.00217E+00 1.09267E-02 1.00080E+00
 9.32079E-03 1.00127E+00 8.77674E-03 9.80197E-01 1.15994E-02
 1.63223E+00 1.64063E-02 1.53000E+02 0.00000E+00
 9.68805E-01 9.68805E-01 9.66696E-01 1.52006E+00 1.52007E+00
 1.00122E+00 1.06527E-02 1.00122E+00 1.06527E-02 9.99822E-01
 9.10286E-03 1.00030E+00 8.57493E-03 9.77760E-01 1.26197E-02
 1.62857E+00 1.63044E-02 1.53000E+02 0.00000E+00
 1.03262E+00 1.03262E+00 1.00283E+00 1.54822E+00 1.54822E+00
 1.00209E+00 1.03892E-02 1.00209E+00 1.03892E-02 9.99906E-01
 8.84678E-03 1.00065E+00 8.34110E-03 9.79918E-01 1.50228E-02
 1.62678E+00 1.59658E-02 1.29000E+02 0.00000E+00
 9.70231E-01 9.70231E-01 9.66850E-01 1.54484E+00 1.54484E+00
 1.00123E+00 1.01412E-02 1.00123E+00 1.01412E-02 9.99012E-01
 8.65062E-03 9.99767E-01 8.15887E-03 9.78741E-01 1.84313E-02
 1.62623E+00 1.56134E-02 1.55000E+02 0.00000E+00
 9.94436E-01 9.94436E-01 9.74027E-01 1.84410E+00 1.84410E+00
 1.00105E+00 9.87230E-03 1.00105E+00 9.87230E-03 9.98355E-01
 8.44553E-03 9.99281E-01 7.95715E-03 9.82185E-01 2.46272E-02
 1.63207E+00 1.65062E-02 1.34000E+02 0.00000E+00
 1.07960E+00 1.07960E+00 1.05281E+00 1.73987E+00 1.73987E+00
 1.00306E+00 9.82451E-03 1.00306E+00 9.82451E-03 9.99751E-01
 8.34378E-03 1.00085E+00 7.92188E-03 0.00000E+00 0.00000E+00
 1.63474E+00 1.62485E-02 1.51000E+02 0.00000E+00
 1.00752E+00 1.00752E+00 9.68250E-01 1.67467E+00 1.67467E+00
 1.00317E+00 9.57639E-03 1.00317E+00 9.57639E-03 9.98964E-01
 8.17056E-03 1.00038E+00 7.74338E-03 0.00000E+00 0.00000E+00
 1.63651E+00 1.61807E-02 1.65000E+02 0.00000E+00
 8.81716E-01 8.81716E-01 9.45494E-01 1.62525E+00 1.62539E+00
 1.00021E+00 9.79845E-03 1.00021E+00 9.79845E-03 9.97660E-01
 8.07480E-03 9.98415E-01 7.76014E-03 0.00000E+00 0.00000E+00
 1.63643E+00 1.57887E-02 1.37000E+02 0.00000E+00
