coupled sphere kcode problem with dxtran
    1 1 -5.5e-2    -1
    2 1 -5.5e-2  1 -2
    3 1 -5.5e-2  2 -3
    4 1 -5.5e-2  3 -4
    5 1 -5.5e-2  4 -5
    6 1 -5.5e-2  5 -6
    7 1 -5.5e-2  6 -7
    8 1 -5.5e-2  7 -8
    9 1 -5.5e-2  8 -9
   10 1 -5.5e-2  9 -10
   11 1 -5.5e0     -11
   12 1 -5.5e0  11 -12
   13 1 -5.5e0  12 -13
   14 1 -5.5e0  13 -14
   15 1 -5.5e0  14 -15
   16 1 -5.5e0  15 -16
   17 1 -5.5e0  16 -17
   18 1 -5.5e0  17 -18
   19 1 -5.5e0  18 -19
   20 1 -5.5e0  19 -20
  100 0   10 20 -100
  101 0   100

    1 sx -50 1
    2 sx -50 2
    3 sx -50 3
    4 sx -50 4
    5 sx  -50 5
    6 sx -50 6
    7 sx -50 7
    8 sx -50 8
    9 sx -50 9
    10 sx -50 38.8888888
   11 sx 50 1
   12 sx 50 2
   13 sx 50 3
   14 sx 50 4
   15 sx 50 5
   16 sx 50 6
   17 sx 50 7
   18 sx 50 8
   19 sx 50 9
   20 sx 50.1 38.8888888
  100 so 130

imp:n   1 20r  0
cut:n  j j 0 0
kcode 1000 1.0 10 20 100000
ksrc   -50 0 0
m1    94239 1.0
f4:n 1 18i 20
rand     seed=111111
dxt:n    50.1 0 0 49 49  .001 .0005
prdmp  2j  -1
c
