test of nested dxtran spheres in Oxygen
    1 1 -.0013 -1
    2 1 -.0013 1 -2
    3 1 -.0013 2 -3
    4 1 -.0013 3 -4
    5 1 -.0013 4 -5
    6 1 -.0013 5 -6
    7 1 -.0013 6 -7
    8 1 -.0013 7 -8
    9 1 -.0013 8 -9
   10 1 -.0013 9 -10
   11 1 -.0013 10 -11
   12 1 -.0013 11 -12
   13 1 -.0013 12 -13
   14 1 -.0013 13 -14
   15 1 -.0013 14 -15
   16 1 -.0013 15 -16
   17 1 -.0013 16 -17
   18 1 -.0013 17 -18
   19 1 -.0013 18 -19
   20 1 -.0013 19 -20
   21 1 -.0013 20 -100
  100 0 100

    1 so 7
    2 so 15
    3 so 30
    4 so 60
    5 so 125
    6 so 250
    7 so 500
    8 so 1000
    9 so 2000
   10 so 4000
   11 so 10000
   12 so 20000
   13 so 30000
   14 so 40000
   15 so 50000
   16 so 60000
   17 so 70000
   18 so 80000
   19 so 90000
   20 so 100000
  100 so 1.e6

mode   n
m1     8016 1.0 $ O2
imp:n  1 1 1 1 1    1 1 1 1 1
       1 1 1 1 1    1 1 1 1 1  1 0
wwp:n 5 3 100 0 0 0
wwe:n      3.000E-02  1.000E-01  1.000E+00  3.000E+00  9.000E+00  1.000E+02
   #      wwn1:n      wwn2:n     wwn3:n    wwn4:n      wwn5:n     wwn6:n
   1     1.610E-10  1.769E-10  3.886E-10  1e-10      1e-10      1e-10
   2     1.192E-09  4.115E-10  5.975E-10  3e-10      3e-10      3e-10
   3     4.364E-09  3.092E-09  1.168E-09  1e-9       1e-9       1e-9
   4     1.500E-08  1.161E-08  3.164E-09  3e-9       3e-9       3e-9
   5     6.448E-08  4.439E-08  1.680E-08  1.6e-8     1.6e-8     1.6e-8
   6     2.531E-07  1.736E-07  6.126E-08  6e-8       6e-8       6e-8
   7     9.971E-07  6.588E-07  2.497E-07  2e-7       2e-7       2e-7
   8     3.707E-06  2.782E-06  1.023E-06  1e-6       1e-6       1e-6
   9     1.328E-05  1.069E-05  3.553E-06  3e-6       3e-6       3e-6
  10     4.522E-05  4.319E-05  1.396E-05  1e-5       1e-5       1e-5
  11     2.366E-04  1.5E-04    8.613E-05  8e-5       8e-5       8e-5
  12     1.039E-03  6.612E-04  .0003      .0003      3e-4       1e-4
  13     5.243E-03  1.907E-03  .0005      5.839E-04  3.508E-04  1e-4
  14     2.105E-02  4.593E-03  .002       1.277E-03  9.003E-04  2.901E-04
  15     6.390E-02  1.757E-02  9.682E-03  2.843E-03  2e-3       7.272E-04
  16     9.057E-01  1.529E-01  2.333E-02  .01        5e-3       1.692E-03
  17     4.665E+00  8.465E-01  4.529E-02  2.762E-02  .025       3.965E-03
  18     1.183E+01  4.048E+00  1.315E-01  4.927E-02  1.272E-01  8.865E-03
  19     50         5          2.593E-01  1.128E-01  2.000E-01  2.109E-02
  20     100        10         4.650E-01  1.793E-01  .1         5.945E-02
  21     200        50         2          5.988E-01  .5         5.000E-01
 100    -1.000E+00 -1.000E+00 -1.000E+00 -1.000E+00 -1.000E+00 -1.000E+00
sdef   sur=20  wgt=1
cut:n   j j 0 0
f4:n     1 2 3 4 5 6 7 8 9 10 11 12
dxt:n    0 0 0 7.01 7.01
         0 0 0 15.01 15.01
         0 0 0  30.01 30.01
         0 0 0  60.01 60.01
         0 0 0  125.01 125.01
         0 0 0  250.01 250.01
         0 0 0  500.01 500.01
         0 0 0  1000.01 1000.01
         0 0 0  2000.01 2000.01
         0 0 0  4000.01 4000.01
         0 0
dd       -1.072E-10 1000
         -3.815E-10 1000
         -2.137E-09 1000
         -9.814E-09 1000
         -4.467E-08 1000
         -1.734E-07 1000
         -6.597E-07 1000
         -2.521E-06 1000
         -9.214E-06 1000
         -3.164E-05 1000
dxc1:n
       1 1 .5 .2 .1     .07 .04 .02 .01 .005
       .002 .001 .001 .001 .001    .001  .001 .001 .001 .001
       .001 .001
dxc2:n  1 1 1 1 1  .5 .3 .2 .1 .05
        .02 .01 .005 .0025  .0012    .001  .001 .001 .001 .001
       .001 .001
dxc3:n
        1 1 1 1 1  .6 .35 .2 .1 .05
        .02 .01 .005 .002 .001    .001  .001 .001 .001 .001
       .001 .001
dxc4:n
         1 1 1 1 1    1 .7 .4 .2 .1
         .05 .02 .01 .007 .002    .0015 .0013 .001 .001 .001
       .001 .001
dxc5:n
         1 1 1 1 1   1 .4 .2 .1 .05
         .02 .01 .005 .002 .0017    .0016 .0013 .0011 .001 .001
       .001 .001
dxc6:n
        1 1 1 1 1  1 1 .5 .2 .1
        .05 .02 .01 .005 .002    .001 .001 .001 .001 .001
         .001 .001
dxc7:n
        1 1 1 1 1  1 1 1 .5 .2
        .1 .05 .02 .01 .005   .002 .001 .001 .001 .001
         .001 .001
dxc8:n
        1 1 1 1 1  1 1 1 1 .5
        .2 .1 .05 .02 .01     .005 .002 .001 .001 .001
         .001 .001
dxc9:n
        1 1 1 1 1  1 1 1 1 1
        .5 .2 .1 .05 .02   .01 .005 .002 .001 .001
         .001 .001
dxc10:n
        1 1 1 1 1  1 1 1 1 1
        1 .5 .2 .1 .05   .02 .01 .005 .002 .001
         .001 .001
fcl:n   1 1 1 1 1  1 1 1 1 1
        0 0 0 0 0  0 0 0 0 0
        0 0
prdmp 2j -1
nps   2000
