prad04 -- tower test object, protons, and mesh tallies
1     1  -2.7  101 -102 -1
2     1  -2.7  102 -103 -2
3     1  -2.7  103 -104 -3
4     1  -2.7  104 -105 -4
5     1  -2.7  105 -106 -5
6     1  -2.7  106 -107 -6
7     1  -2.7  107 -108 -7
8     1  -2.7  108 -109 -6
9     1  -2.7  109 -110 -5
10    1  -2.7  110 -111 -4
11    1  -2.7  111 -112 -3
12    1  -2.7  112 -113 -2
13    1  -2.7  113 -114 -1
99     0   -50  39 -120 #1 #2 #3 #4 #5 #6 #7 #8 #9 #10 #11 #12 #13
100    0   -50 120 -351
101    0   50:-39:351

1     cz 0.5
2     cz 1.5
3     cz 2.5
4     cz 3.5
5     cz 4.5
6     cz 5.5
7     cz 6.5
101   pz -6.5
102   pz -5.5
103   pz -4.5
104   pz -3.5
105   pz -2.5
106   pz -1.5
107   pz -0.5
108   pz 0.5
109   pz 1.5
110   pz 2.5
111   pz 3.5
112   pz 4.5
113   pz 5.5
114   pz 6.5
120   pz 6.6
50    cz 90.0
39    pz -125.4
351   pz 125.4

mode  h
imp:h 1 14r 0
c                  E-loss       No MCS   Int==Atten   No Elastic
phys:h 23080  3j   j     5j     -1       1            -1
m1    13027 1
sdef  erg=23080   x=d1 y=d2 z=-100.0 vec 0 0 1 dir 1 par=h
si1  -7.0 7.0
sp1  0 1
si2  -7.0 7.0
sp2  0 1
nps   10000
print
fmesh14:h geom=xyz out=ij origin= -7 -7 9.9 imesh 7 iints 560
     jmesh 7 jints 560  kmesh 10.1 kints 1
prdmp 2j -1
tropt eloss off
fc11 tally == protons / (cm2 sr)
f11:h  120
fs11   -1  -2  -3  -4  -5  -6  -7  t
c      segment divisors convert to .../cm2 for the segmented surfaces.
sd11    0.785398163397  6.28318530718  12.5663706143  18.8495559216
       25.1327412287   31.4159265359   37.6991118429  63.267710386  196.0
fq11   c s
c11   0.9995530283 0.9995560129 0.9995589874 0.9995619520 0.9995649066
      0.9995678511 0.9995707857 0.9995737103 0.9995766249 0.9995795295
      0.9995824241 0.9995853087 0.9995881833 0.9995910479 0.9995939025
      0.9995967471 0.9995995817 0.9996024063 0.9996052210 0.9996080256
      0.9996108202 0.9996136049 0.9996163795 0.9996191442 0.9996218988
      0.9996246435 0.9996273781 0.9996301028 0.9996328175 0.9996355221
      0.9996382168 0.9996409015 0.9996435762 0.9996462409 0.9996488955
      0.9996515402 0.9996541749 0.9996567996 0.9996594143 0.9996620190
      0.9996646137 0.9996671985 0.9996697732 0.9996723379 0.9996748926
      0.9996774373 0.9996799721 0.9996824968 0.9996850115 0.9996875163
      0.9996900110 0.9996924958 0.9996949705 0.9996974353 0.9996998900
      0.9997023348 0.9997047695 0.9997071943 0.9997096091 0.9997120138
      0.9997144086 0.9997167934 0.9997191681 0.9997215329 0.9997238877
      0.9997262325 0.9997285673 0.9997308921 0.9997332069 0.9997355117
      0.9997378065 0.9997400913 0.9997423661 0.9997446309 0.9997468857
      0.9997491305 0.9997513653 0.9997535901 0.9997558049 0.9997580098
      0.9997602046 0.9997623894 0.9997645642 0.9997667291 0.9997688839
      0.9997710287 0.9997731636 0.9997752884 0.9997774033 0.9997795081
      0.9997816030 0.9997836878 0.9997857627 0.9997878275 0.9997898824
      0.9997919272 0.9997939621 0.9997959869 0.9997980018 0.9998000067
      0.9998020015 0.9998039864 0.9998059613 0.9998079261 0.9998098810
      0.9998118259 0.9998137608 0.9998156857 0.9998176005 0.9998195054
      0.9998214003 0.9998232852 0.9998251601 0.9998270250 0.9998288799
      0.9998307248 0.9998325597 0.9998343846 0.9998361995 0.9998380044
      0.9998397993 0.9998415842 0.9998433591 0.9998451240 0.9998468789
      0.9998486238 0.9998503587 0.9998520836 0.9998537986 0.9998555035
      0.9998571984 0.9998588833 0.9998605582 0.9998622232 0.9998638781
      0.9998655230 0.9998671579 0.9998687829 0.9998703978 0.9998720027
      0.9998735977 0.9998751826 0.9998767575 0.9998783225 0.9998798774
      0.9998814223 0.9998829573 0.9998844822 0.9998859972 0.9998875021
      0.9998889971 0.9998904820 0.9998919569 0.9998934219 0.9998948768
      0.9998963218 0.9998977567 0.9998991817 0.9999005966 0.9999020016
      0.9999033966 0.9999047815 0.9999061565 0.9999075214 0.9999088764
      0.9999102213 0.9999115563 0.9999128813 0.9999141962 0.9999155012
      0.9999167962 0.9999180811 0.9999193561 0.9999206211 0.9999218760
      0.9999231210 0.9999243560 0.9999255809 0.9999267959 0.9999280009
      0.9999291958 0.9999303808 0.9999315558 0.9999327208 0.9999338757
      0.9999350207 0.9999361557 0.9999372807 0.9999383956 0.9999395006
      0.9999405956 0.9999416806 0.9999427555 0.9999438205 0.9999448755
      0.9999459205 0.9999469555 0.9999479805 0.9999489954 0.9999500004
      0.9999509954 0.9999519804 0.9999529554 0.9999539204 0.9999548753
      0.9999558203 0.9999567553 0.9999576803 0.9999585953 0.9999595003
      0.9999603953 0.9999612802 0.9999621552 0.9999630202 0.9999638752
      0.9999647202 0.9999655552 0.9999663802 0.9999671952 0.9999680002
      0.9999687952 0.9999695802 0.9999703551 0.9999711201 0.9999718751
      0.9999726201 0.9999733551 0.9999740801 0.9999747951 0.9999755001
      0.9999761951 0.9999768801 0.9999775551 0.9999782201 0.9999788751
      0.9999795201 0.9999801551 0.9999807801 0.9999813951 0.9999820001
      0.9999825951 0.9999831800 0.9999837550 0.9999843200 0.9999848750
      0.9999854200 0.9999859550 0.9999864800 0.9999869950 0.9999875000
      0.9999879950 0.9999884800 0.9999889550 0.9999894200 0.9999898750
      0.9999903200 0.9999907550 0.9999911800 0.9999915950 0.9999920000
      0.9999923950 0.9999927800 0.9999931550 0.9999935200 0.9999938750
      0.9999942200 0.9999945550 0.9999948800 0.9999951950 0.9999955000
      0.9999957950 0.9999960800 0.9999963550 0.9999966200 0.9999968750
      0.9999971200 0.9999973550 0.9999975800 0.9999977950 0.9999980000
      0.9999981950 0.9999983800 0.9999985550 0.9999987200 0.9999988750
      0.9999990200 0.9999991550 0.9999992800 0.9999993950 0.9999995000
      0.9999995950 0.9999996800 0.9999997550 0.9999998200 0.9999998750
      0.9999999200 0.9999999550 0.9999999800 0.9999999950 1.0000000000
c     Multipliers convert to tally per steradian.
cm11  7.959526e-02 5.332538e+04 5.350645e+04 5.368513e+04 5.386683e+04
      5.405160e+04 5.423395e+04 5.441939e+04 5.460610e+04 5.479410e+04
      5.498340e+04 5.517401e+04 5.536594e+04 5.555922e+04 5.575385e+04
      5.594985e+04 5.614723e+04 5.634601e+04 5.654419e+04 5.674782e+04
      5.695088e+04 5.715335e+04 5.736140e+04 5.756680e+04 5.777788e+04
      5.798628e+04 5.820045e+04 5.841191e+04 5.862708e+04 5.884602e+04
      5.906221e+04 5.928221e+04 5.950385e+04 5.972715e+04 5.995440e+04
      6.017883e+04 6.040724e+04 6.063738e+04 6.086929e+04 6.110298e+04
      6.133848e+04 6.157341e+04 6.181495e+04 6.205597e+04 6.229888e+04
      6.254370e+04 6.278797e+04 6.303915e+04 6.328983e+04 6.353998e+04
      6.379723e+04 6.405141e+04 6.431282e+04 6.457114e+04 6.483682e+04
      6.509937e+04 6.536943e+04 6.563632e+04 6.590813e+04 6.618495e+04
      6.645855e+04 6.673723e+04 6.702107e+04 6.730165e+04 6.758746e+04
      6.787570e+04 6.816641e+04 6.845963e+04 6.875538e+04 6.905369e+04
      6.935460e+04 6.965815e+04 6.996437e+04 7.027329e+04 7.058495e+04
      7.089939e+04 7.121664e+04 7.153674e+04 7.185974e+04 7.218239e+04
      7.251455e+04 7.284646e+04 7.318142e+04 7.351607e+04 7.386066e+04
      7.420503e+04 7.454913e+04 7.490349e+04 7.525412e+04 7.561523e+04
      7.597257e+04 7.634063e+04 7.670487e+04 7.708008e+04 7.745143e+04
      7.783399e+04 7.821266e+04 7.860280e+04 7.898900e+04 7.938298e+04
      7.978491e+04 8.018285e+04 8.058886e+04 8.100313e+04 8.141334e+04
      8.183194e+04 8.225487e+04 8.268219e+04 8.311831e+04 8.355029e+04
      8.399121e+04 8.443681e+04 8.488716e+04 8.534235e+04 8.580244e+04
      8.626752e+04 8.673767e+04 8.721297e+04 8.769351e+04 8.817937e+04
      8.867065e+04 8.916743e+04 8.966981e+04 9.017788e+04 9.069174e+04
      9.121150e+04 9.173724e+04 9.226908e+04 9.280172e+04 9.335148e+04
      9.390226e+04 9.445958e+04 9.502355e+04 9.558855e+04 9.617194e+04
      9.675661e+04 9.734843e+04 9.794150e+04 9.855405e+04 9.916814e+04
      9.978366e+04 1.004195e+05 1.010572e+05 1.016964e+05 1.023570e+05
      1.030196e+05 1.036840e+05 1.043707e+05 1.050528e+05 1.057578e+05
      1.064582e+05 1.071823e+05 1.079090e+05 1.086382e+05 1.093924e+05
      1.101418e+05 1.109171e+05 1.116877e+05 1.124849e+05 1.132775e+05
      1.140896e+05 1.149216e+05 1.157490e+05 1.166056e+05 1.174575e+05
      1.183396e+05 1.192172e+05 1.201169e+05 1.210396e+05 1.219578e+05
      1.228996e+05 1.238656e+05 1.248274e+05 1.258142e+05 1.268268e+05
      1.278353e+05 1.288704e+05 1.299330e+05 1.309917e+05 1.320788e+05
      1.331952e+05 1.343080e+05 1.354510e+05 1.366137e+05 1.378084e+05
      1.390000e+05 1.402246e+05 1.414711e+05 1.427527e+05 1.440316e+05
      1.453470e+05 1.466866e+05 1.480649e+05 1.494413e+05 1.508578e+05
      1.523014e+05 1.537729e+05 1.552731e+05 1.568183e+05 1.583631e+05
      1.599547e+05 1.615786e+05 1.632358e+05 1.649274e+05 1.666718e+05
      1.684179e+05 1.702192e+05 1.720594e+05 1.739398e+05 1.758618e+05
      1.778268e+05 1.798564e+05 1.818914e+05 1.839942e+05 1.861461e+05
      1.883490e+05 1.906047e+05 1.929151e+05 1.952821e+05 1.977080e+05
      2.001949e+05 2.027452e+05 2.053877e+05 2.080457e+05 2.108012e+05
      2.136308e+05 2.165373e+05 2.195241e+05 2.225943e+05 2.257517e+05
      2.289999e+05 2.323430e+05 2.357851e+05 2.393307e+05 2.429846e+05
      2.467518e+05 2.506377e+05 2.546479e+05 2.587885e+05 2.630660e+05
      2.674873e+05 2.721062e+05 2.767912e+05 2.816902e+05 2.867657e+05
      2.920274e+05 2.974859e+05 3.031523e+05 3.090387e+05 3.151583e+05
      3.215251e+05 3.281545e+05 3.350630e+05 3.422687e+05 3.497911e+05
      3.576516e+05 3.658734e+05 3.744822e+05 3.835059e+05 3.929752e+05
      4.029239e+05 4.133895e+05 4.244132e+05 4.360409e+05 4.483238e+05
      4.613187e+05 4.750894e+05 4.897075e+05 5.052538e+05 5.218195e+05
      5.395083e+05 5.584384e+05 5.787452e+05 6.005847e+05 6.241370e+05
      6.496120e+05 6.772551e+05 7.073553e+05 7.402555e+05 7.763656e+05
      8.161792e+05 8.602970e+05 9.094568e+05 9.645754e+05 1.026806e+06
      1.097620e+06 1.178926e+06 1.273240e+06 1.383956e+06 1.515761e+06
      1.675315e+06 1.872411e+06 2.122066e+06 2.448538e+06 2.893726e+06
      3.536777e+06 4.547284e+06 6.366198e+06 1.061033e+07 3.183099e+07
c ---------------------------------------------------------------
  cut:h  j 0.001
dbcn  41j  -1.  5j  0.   $ DO NOT OVERRIDE THREAD-SAFE CHECKING
