Proton energy loss straggling tracked through 1 mm cells. No interactions.
    1 0  +1
    2 0  +900        -1
    3 0  -5          -1
    4 0  +5   -2000  -1
 2000 10 -1.00  2000  -2001  -99
 2001 10 -1.00  2001  -2002  -99
 2002 10 -1.00  2002  -2003  -99
 2003 10 -1.00  2003  -2004  -99
 2004 10 -1.00  2004  -2005  -99
 2005 10 -1.00  2005  -2006  -99
 2006 10 -1.00  2006  -2007  -99
 2007 10 -1.00  2007  -2008  -99
 2008 10 -1.00  2008  -2009  -99
 2009 10 -1.00  2009  -2010  -99
 2010 10 -1.00  2010  -2011  -99
 2011 10 -1.00  2011  -2012  -99
 2012 10 -1.00  2012  -2013  -99
 2013 10 -1.00  2013  -2014  -99
 2014 10 -1.00  2014  -2015  -99
 2015 10 -1.00  2015  -2016  -99
 2016 10 -1.00  2016  -2017  -99
 2017 10 -1.00  2017  -2018  -99
 2018 10 -1.00  2018  -2019  -99
 2019 10 -1.00  2019  -2020  -99
 2020 10 -1.00  2020  -2021  -99
 2021 10 -1.00  2021  -2022  -99
 2022 10 -1.00  2022  -2023  -99
 2023 10 -1.00  2023  -2024  -99
 2024 10 -1.00  2024  -2025  -99
 2025 10 -1.00  2025  -2026  -99
 2026 10 -1.00  2026  -2027  -99
 2027 10 -1.00  2027  -2028  -99
 2028 10 -1.00  2028  -2029  -99
 2029 10 -1.00  2029  -2030  -99
 2030 10 -1.00  2030  -2031  -99
 2031 10 -1.00  2031  -2032  -99
 2032 10 -1.00  2032  -2033  -99
 2033 10 -1.00  2033  -2034  -99
 2034 10 -1.00  2034  -2035  -99
 2035 10 -1.00  2035  -2036  -99
 2036 10 -1.00  2036  -2037  -99
 2037 10 -1.00  2037  -2038  -99
 2038 10 -1.00  2038  -2039  -99
 2039 10 -1.00  2039  -2040  -99
 2040 10 -1.00  2040  -2041  -99
 2041 10 -1.00  2041  -2042  -99
 2042 10 -1.00  2042  -2043  -99
 2043 10 -1.00  2043  -2044  -99
 2044 10 -1.00  2044  -2045  -99
 2045 10 -1.00  2045  -2046  -99
 2046 10 -1.00  2046  -2047  -99
 2047 10 -1.00  2047  -2048  -99
 2048 10 -1.00  2048  -2049  -99
 2049 10 -1.00  2049  -2050  -99
 2050 10 -1.00  2050  -2051  -99
 2051 10 -1.00  2051  -2052  -99
 2052 10 -1.00  2052  -2053  -99
 2053 10 -1.00  2053  -2054  -99
 2054 10 -1.00  2054  -2055  -99
 2055 10 -1.00  2055  -2056  -99
 2056 10 -1.00  2056  -2057  -99
 2057 10 -1.00  2057  -2058  -99
 2058 10 -1.00  2058  -2059  -99
 2059 10 -1.00  2059  -2060  -99
 2060 10 -1.00  2060  -2061  -99
 2061 10 -1.00  2061  -2062  -99
 2062 10 -1.00  2062  -2063  -99
 2063 10 -1.00  2063  -2064  -99
 2064 10 -1.00  2064  -2065  -99
 2065 10 -1.00  2065  -2066  -99
 2066 10 -1.00  2066  -2067  -99
 2067 10 -1.00  2067  -2068  -99
 2068 10 -1.00  2068  -2069  -99
 2069 10 -1.00  2069  -2070  -99
 2070 10 -1.00  2070  -2071  -99
 2071 10 -1.00  2071  -2072  -99
 2072 10 -1.00  2072  -2073  -99
 2073 10 -1.00  2073  -2074  -99
 2074 10 -1.00  2074  -2075  -99
 2075 10 -1.00  2075  -2076  -99
 2076 10 -1.00  2076  -2077  -99
 2077 10 -1.00  2077  -2078  -99
 2078 10 -1.00  2078  -2079  -99
 2079 10 -1.00  2079  -2080  -99
 2080 10 -1.00  2080  -2081  -99
 2081 10 -1.00  2081  -2082  -99
 2082 10 -1.00  2082  -2083  -99
 2083 10 -1.00  2083  -2084  -99
 2084 10 -1.00  2084  -2085  -99
 2085 10 -1.00  2085  -2086  -99
 2086 10 -1.00  2086  -2087  -99
 2087 10 -1.00  2087  -2088  -99
 2088 10 -1.00  2088  -2089  -99
 2089 10 -1.00  2089  -2090  -99
 2090 10 -1.00  2090  -2091  -99
 2091 10 -1.00  2091  -2092  -99
 2092 10 -1.00  2092  -2093  -99
 2093 10 -1.00  2093  -2094  -99
 2094 10 -1.00  2094  -2095  -99
 2095 10 -1.00  2095  -2096  -99
 2096 10 -1.00  2096  -2097  -99
 2097 10 -1.00  2097  -2098  -99
 2098 10 -1.00  2098  -2099  -99
 2099 10 -1.00  2099  -2100  -99
 2100 10 -1.00  2100  -2101  -99
 2101 10 -1.00  2101  -2102  -99
 2102 10 -1.00  2102  -2103  -99
 2103 10 -1.00  2103  -2104  -99
 2104 10 -1.00  2104  -2105  -99
 2105 10 -1.00  2105  -2106  -99
 2106 10 -1.00  2106  -2107  -99
 2107 10 -1.00  2107  -2108  -99
 2108 10 -1.00  2108  -2109  -99
 2109 10 -1.00  2109  -2110  -99
 2110 10 -1.00  2110  -2111  -99
 2111 10 -1.00  2111  -2112  -99
 2112 10 -1.00  2112  -2113  -99
 2113 10 -1.00  2113  -2114  -99
 2114 10 -1.00  2114  -2115  -99
 2115 10 -1.00  2115  -2116  -99
 2116 10 -1.00  2116  -2117  -99
 2117 10 -1.00  2117  -2118  -99
 2118 10 -1.00  2118  -2119  -99
 2119 10 -1.00  2119  -2120  -99
 2120 10 -1.00  2120  -2121  -99
 2121 10 -1.00  2121  -2122  -99
 2122 10 -1.00  2122  -2123  -99
 2123 10 -1.00  2123  -2124  -99
 2124 10 -1.00  2124  -2125  -99
 2125 10 -1.00  2125  -2126  -99
 2126 10 -1.00  2126  -2127  -99
 2127 10 -1.00  2127  -2128  -99
 2128 10 -1.00  2128  -2129  -99
 2129 10 -1.00  2129  -2130  -99
 2130 10 -1.00  2130  -2131  -99
 2131 10 -1.00  2131  -2132  -99
 2132 10 -1.00  2132  -2133  -99
 2133 10 -1.00  2133  -2134  -99
 2134 10 -1.00  2134  -2135  -99
 2135 10 -1.00  2135  -2136  -99
 2136 10 -1.00  2136  -2137  -99
 2137 10 -1.00  2137  -2138  -99
 2138 10 -1.00  2138  -2139  -99
 2139 10 -1.00  2139  -2140  -99
 2140 10 -1.00  2140  -2141  -99
 2141 10 -1.00  2141  -2142  -99
 2142 10 -1.00  2142  -2143  -99
 2143 10 -1.00  2143  -2144  -99
 2144 10 -1.00  2144  -2145  -99
 2145 10 -1.00  2145  -2146  -99
 2146 10 -1.00  2146  -2147  -99
 2147 10 -1.00  2147  -2148  -99
 2148 10 -1.00  2148  -2149  -99
 2149 10 -1.00  2149  -2150  -99
 2150 10 -1.00  2150  -2151  -99
 2151 10 -1.00  2151  -2152  -99
 2152 10 -1.00  2152  -2153  -99
 2153 10 -1.00  2153  -2154  -99
 2154 10 -1.00  2154  -2155  -99
 2155 10 -1.00  2155  -2156  -99
 2156 10 -1.00  2156  -2157  -99
 2157 10 -1.00  2157  -2158  -99
 2158 10 -1.00  2158  -2159  -99
 2159 10 -1.00  2159  -2160  -99
 2160 10 -1.00  2160  -2161  -99
 2161 10 -1.00  2161  -2162  -99
 2162 10 -1.00  2162  -2163  -99
 2163 10 -1.00  2163  -2164  -99
 2164 10 -1.00  2164  -2165  -99
 2165 10 -1.00  2165  -2166  -99
 2166 10 -1.00  2166  -2167  -99
 2167 10 -1.00  2167  -2168  -99
 2168 10 -1.00  2168  -2169  -99
 2169 10 -1.00  2169  -2170  -99
 2170 10 -1.00  2170  -2171  -99
 2171 10 -1.00  2171  -2172  -99
 2172 10 -1.00  2172  -2173  -99
 2173 10 -1.00  2173  -2174  -99
 2174 10 -1.00  2174  -2175  -99
 2175 10 -1.00  2175  -2176  -99
 2176 10 -1.00  2176  -2177  -99
 2177 10 -1.00  2177  -2178  -99
 2178 10 -1.00  2178  -2179  -99
 2179 10 -1.00  2179  -2180  -99
 2180 10 -1.00  2180  -2181  -99
 2181 10 -1.00  2181  -2182  -99
 2182 10 -1.00  2182  -2183  -99
 2183 10 -1.00  2183  -2184  -99
 2184 10 -1.00  2184  -2185  -99
 2185 10 -1.00  2185  -2186  -99
 2186 10 -1.00  2186  -2187  -99
 2187 10 -1.00  2187  -2188  -99
 2188 10 -1.00  2188  -2189  -99
 2189 10 -1.00  2189  -2190  -99
 2190 10 -1.00  2190  -2191  -99
 2191 10 -1.00  2191  -2192  -99
 2192 10 -1.00  2192  -2193  -99
 2193 10 -1.00  2193  -2194  -99
 2194 10 -1.00  2194  -2195  -99
 2195 10 -1.00  2195  -2196  -99
 2196 10 -1.00  2196  -2197  -99
 2197 10 -1.00  2197  -2198  -99
 2198 10 -1.00  2198  -2199  -99
 2199 10 -1.00  2199  -2200  -99
 2200 10 -1.00  2200  -2201  -99
 2201 10 -1.00  2201  -2202  -99
 2202 10 -1.00  2202  -2203  -99
 2203 10 -1.00  2203  -2204  -99
 2204 10 -1.00  2204  -2205  -99
 2205 10 -1.00  2205  -2206  -99
 2206 10 -1.00  2206  -2207  -99
 2207 10 -1.00  2207  -2208  -99
 2208 10 -1.00  2208  -2209  -99
 2209 10 -1.00  2209  -2210  -99
 2210 10 -1.00  2210  -2211  -99
 2211 10 -1.00  2211  -2212  -99
 2212 10 -1.00  2212  -2213  -99
 2213 10 -1.00  2213  -2214  -99
 2214 10 -1.00  2214  -2215  -99
 2215 10 -1.00  2215  -2216  -99
 2216 10 -1.00  2216  -2217  -99
 2217 10 -1.00  2217  -2218  -99
 2218 10 -1.00  2218  -2219  -99
 2219 10 -1.00  2219  -2220  -99
 2220 10 -1.00  2220  -2221  -99
 2221 10 -1.00  2221  -2222  -99
 2222 10 -1.00  2222  -2223  -99
 2223 10 -1.00  2223  -2224  -99
 2224 10 -1.00  2224  -2225  -99
 2225 10 -1.00  2225  -2226  -99
 2226 10 -1.00  2226  -2227  -99
 2227 10 -1.00  2227  -2228  -99
 2228 10 -1.00  2228  -2229  -99
 2229 10 -1.00  2229  -2230  -99
 2230 10 -1.00  2230  -2231  -99
 2231 10 -1.00  2231  -2232  -99
 2232 10 -1.00  2232  -2233  -99
 2233 10 -1.00  2233  -2234  -99
 2234 10 -1.00  2234  -2235  -99
 2235 10 -1.00  2235  -2236  -99
 2236 10 -1.00  2236  -2237  -99
 2237 10 -1.00  2237  -2238  -99
 2238 10 -1.00  2238  -2239  -99
 2239 10 -1.00  2239  -2240  -99
 2240 10 -1.00  2240  -2241  -99
 2241 10 -1.00  2241  -2242  -99
 2242 10 -1.00  2242  -2243  -99
 2243 10 -1.00  2243  -2244  -99
 2244 10 -1.00  2244  -2245  -99
 2245 10 -1.00  2245  -2246  -99
 2246 10 -1.00  2246  -2247  -99
 2247 10 -1.00  2247  -2248  -99
 2248 10 -1.00  2248  -2249  -99
 2249 10 -1.00  2249  -2250  -99
 2250 10 -1.00  2250  -2251  -99
 2251 10 -1.00  2251  -2252  -99
 2252 10 -1.00  2252  -2253  -99
 2253 10 -1.00  2253  -2254  -99
 2254 10 -1.00  2254  -2255  -99
 2255 10 -1.00  2255  -2256  -99
 2256 10 -1.00  2256  -2257  -99
 2257 10 -1.00  2257  -2258  -99
 2258 10 -1.00  2258  -2259  -99
 2259 10 -1.00  2259  -2260  -99
 2260 10 -1.00  2260  -2261  -99
 2261 10 -1.00  2261  -2262  -99
 2262 10 -1.00  2262  -2263  -99
 2263 10 -1.00  2263  -2264  -99
 2264 10 -1.00  2264  -2265  -99
 2265 10 -1.00  2265  -2266  -99
 2266 10 -1.00  2266  -2267  -99
 2267 10 -1.00  2267  -2268  -99
 2268 10 -1.00  2268  -2269  -99
 2269 10 -1.00  2269  -2270  -99
 2270 10 -1.00  2270  -2271  -99
 2271 10 -1.00  2271  -2272  -99
 2272 10 -1.00  2272  -2273  -99
 2273 10 -1.00  2273  -2274  -99
 2274 10 -1.00  2274  -2275  -99
 2275 10 -1.00  2275  -2276  -99
 2276 10 -1.00  2276  -2277  -99
 2277 10 -1.00  2277  -2278  -99
 2278 10 -1.00  2278  -2279  -99
 2279 10 -1.00  2279  -2280  -99
 2280 10 -1.00  2280  -2281  -99
 2281 10 -1.00  2281  -2282  -99
 2282 10 -1.00  2282  -2283  -99
 2283 10 -1.00  2283  -2284  -99
 2284 10 -1.00  2284  -2285  -99
 2285 10 -1.00  2285  -2286  -99
 2286 10 -1.00  2286  -2287  -99
 2287 10 -1.00  2287  -2288  -99
 2288 10 -1.00  2288  -2289  -99
 2289 10 -1.00  2289  -2290  -99
 2290 10 -1.00  2290  -2291  -99
 2291 10 -1.00  2291  -2292  -99
 2292 10 -1.00  2292  -2293  -99
 2293 10 -1.00  2293  -2294  -99
 2294 10 -1.00  2294  -2295  -99
 2295 10 -1.00  2295  -2296  -99
 2296 10 -1.00  2296  -2297  -99
 2297 10 -1.00  2297  -2298  -99
 2298 10 -1.00  2298  -2299  -99
 2299 10 -1.00  2299  -2300  -99
 2300 10 -1.00  2300  -2301  -99
 2301 10 -1.00  2301  -2302  -99
 2302 10 -1.00  2302  -2303  -99
 2303 10 -1.00  2303  -2304  -99
 2304 10 -1.00  2304  -2305  -99
 2305 10 -1.00  2305  -2306  -99
 2306 10 -1.00  2306  -2307  -99
 2307 10 -1.00  2307  -2308  -99
 2308 10 -1.00  2308  -2309  -99
 2309 10 -1.00  2309  -2310  -99
 2310 10 -1.00  2310  -2311  -99
 2311 10 -1.00  2311  -2312  -99
 2312 10 -1.00  2312  -2313  -99
 2313 10 -1.00  2313  -2314  -99
 2314 10 -1.00  2314  -2315  -99
 2315 10 -1.00  2315  -2316  -99
 2316 10 -1.00  2316  -2317  -99
 2317 10 -1.00  2317  -2318  -99
 2318 10 -1.00  2318  -2319  -99
 2319 10 -1.00  2319  -2320  -99
 2320 10 -1.00  2320  -2321  -99
 2321 10 -1.00  2321  -2322  -99
 2322 10 -1.00  2322  -2323  -99
 2323 10 -1.00  2323  -2324  -99
 2324 10 -1.00  2324  -2325  -99
 2325 10 -1.00  2325  -2326  -99
 2326 10 -1.00  2326  -2327  -99
 2327 10 -1.00  2327  -2328  -99
 2328 10 -1.00  2328  -2329  -99
 2329 10 -1.00  2329  -2330  -99
 2330 10 -1.00  2330  -2331  -99
 2331 10 -1.00  2331  -2332  -99
 2332 10 -1.00  2332  -2333  -99
 2333 10 -1.00  2333  -2334  -99
 2334 10 -1.00  2334  -2335  -99
 2335 10 -1.00  2335  -2336  -99
 2336 10 -1.00  2336  -2337  -99
 2337 10 -1.00  2337  -2338  -99
 2338 10 -1.00  2338  -2339  -99
 2339 10 -1.00  2339  -2340  -99
 2340 10 -1.00  2340  -2341  -99
 2341 10 -1.00  2341  -2342  -99
 2342 10 -1.00  2342  -2343  -99
 2343 10 -1.00  2343  -2344  -99
 2344 10 -1.00  2344  -2345  -99
 2345 10 -1.00  2345  -2346  -99
 2346 10 -1.00  2346  -2347  -99
 2347 10 -1.00  2347  -2348  -99
 2348 10 -1.00  2348  -2349  -99
 2349 10 -1.00  2349  -2350  -99
 2350 10 -1.00  2350  -2351  -99
 2351 10 -1.00  2351  -2352  -99
 2352 10 -1.00  2352  -2353  -99
 2353 10 -1.00  2353  -2354  -99
 2354 10 -1.00  2354  -2355  -99
 2355 10 -1.00  2355  -2356  -99
 2356 10 -1.00  2356  -2357  -99
 2357 10 -1.00  2357  -2358  -99
 2358 10 -1.00  2358  -2359  -99
 2359 10 -1.00  2359  -2360  -99
 2360 10 -1.00  2360  -2361  -99
 2361 10 -1.00  2361  -2362  -99
 2362 10 -1.00  2362  -2363  -99
 2363 10 -1.00  2363  -2364  -99
 2364 10 -1.00  2364  -2365  -99
 2365 10 -1.00  2365  -2366  -99
 2366 10 -1.00  2366  -2367  -99
 2367 10 -1.00  2367  -2368  -99
 2368 10 -1.00  2368  -2369  -99
 2369 10 -1.00  2369  -2370  -99
 2370 10 -1.00  2370  -2371  -99
 2371 10 -1.00  2371  -2372  -99
 2372 10 -1.00  2372  -2373  -99
 2373 10 -1.00  2373  -2374  -99
 2374 10 -1.00  2374  -2375  -99
 2375 10 -1.00  2375  -2376  -99
 2376 10 -1.00  2376  -2377  -99
 2377 10 -1.00  2377  -2378  -99
 2378 10 -1.00  2378  -2379  -99
 2379 10 -1.00  2379  -2380  -99
 2380 10 -1.00  2380  -2381  -99
 2381 10 -1.00  2381  -2382  -99
 2382 10 -1.00  2382  -2383  -99
 2383 10 -1.00  2383  -2384  -99
 2384 10 -1.00  2384  -2385  -99
 2385 10 -1.00  2385  -2386  -99
 2386 10 -1.00  2386  -2387  -99
 2387 10 -1.00  2387  -2388  -99
 2388 10 -1.00  2388  -2389  -99
 2389 10 -1.00  2389  -2390  -99
 2390 10 -1.00  2390  -2391  -99
 2391 10 -1.00  2391  -2392  -99
 2392 10 -1.00  2392  -2393  -99
 2393 10 -1.00  2393  -2394  -99
 2394 10 -1.00  2394  -2395  -99
 2395 10 -1.00  2395  -2396  -99
 2396 10 -1.00  2396  -2397  -99
 2397 10 -1.00  2397  -2398  -99
 2398 10 -1.00  2398  -2399  -99
 2399 10 -1.00  2399  -2400  -99
c
 2402 10 -1.00 2000 -2400 99 -1
 2403  0  2400  -900  -1

  900  pz   100.0
    1  cz   50
    5  pz -350
 2000    pz    -12.4
 2001    pz    -12.3
 2002    pz    -12.2
 2003    pz    -12.1
 2004    pz    -12
 2005    pz    -11.9
 2006    pz    -11.8
 2007    pz    -11.7
 2008    pz    -11.6
 2009    pz    -11.5
 2010    pz   -11.4
 2011    pz   -11.3
 2012    pz   -11.2
 2013    pz   -11.1
 2014    pz   -11
 2015    pz   -10.9
 2016    pz   -10.8
 2017    pz   -10.7
 2018    pz   -10.6
 2019    pz   -10.5
 2020    pz   -10.4
 2021    pz   -10.3
 2022    pz   -10.2
 2023    pz   -10.1
 2024    pz   -10
 2025    pz   -9.9
 2026    pz   -9.8
 2027    pz   -9.7
 2028    pz   -9.6
 2029    pz   -9.5
 2030    pz   -9.4
 2031    pz   -9.3
 2032    pz   -9.2
 2033    pz   -9.1
 2034    pz   -9
 2035    pz   -8.9
 2036    pz   -8.8
 2037    pz   -8.7
 2038    pz   -8.6
 2039    pz   -8.5
 2040    pz   -8.4
 2041    pz   -8.3
 2042    pz   -8.2
 2043    pz   -8.1
 2044    pz   -8
 2045    pz   -7.9
 2046    pz   -7.8
 2047    pz   -7.7
 2048    pz   -7.6
 2049    pz   -7.5
 2050    pz   -7.4
 2051    pz   -7.3
 2052    pz   -7.2
 2053    pz   -7.1
 2054    pz   -7
 2055    pz   -6.9
 2056    pz   -6.8
 2057    pz   -6.7
 2058    pz   -6.6
 2059    pz   -6.5
 2060    pz   -6.4
 2061    pz   -6.3
 2062    pz   -6.2
 2063    pz   -6.1
 2064    pz   -6
 2065    pz   -5.9
 2066    pz   -5.8
 2067    pz   -5.7
 2068    pz   -5.6
 2069    pz   -5.5
 2070    pz   -5.4
 2071    pz   -5.3
 2072    pz   -5.2
 2073    pz   -5.1
 2074    pz   -5
 2075    pz   -4.9
 2076    pz   -4.8
 2077    pz   -4.7
 2078    pz   -4.6
 2079    pz   -4.5
 2080    pz   -4.4
 2081    pz   -4.3
 2082    pz   -4.2
 2083    pz   -4.1
 2084    pz   -4
 2085    pz   -3.9
 2086    pz   -3.8
 2087    pz   -3.7
 2088    pz   -3.6
 2089    pz   -3.5
 2090    pz   -3.4
 2091    pz   -3.3
 2092    pz   -3.2
 2093    pz   -3.1
 2094    pz   -3
 2095    pz   -2.9
 2096    pz   -2.8
 2097    pz   -2.7
 2098    pz   -2.6
 2099    pz   -2.5
 2100    pz   -2.4
 2101    pz   -2.3
 2102    pz   -2.2
 2103    pz   -2.1
 2104    pz   -2
 2105    pz   -1.9
 2106    pz   -1.8
 2107    pz   -1.7
 2108    pz   -1.6
 2109    pz   -1.5
 2110    pz   -1.4
 2111    pz   -1.3
 2112    pz   -1.2
 2113    pz   -1.1
 2114    pz   -1
 2115    pz   -0.9
 2116    pz   -0.8
 2117    pz   -0.7
 2118    pz   -0.6
 2119    pz   -0.5
 2120    pz   -0.4
 2121    pz   -0.3
 2122    pz   -0.2
 2123    pz   -0.1
 2124    pz   0
 2125    pz   0.1
 2126    pz   0.2
 2127    pz   0.3
 2128    pz   0.4
 2129    pz   0.5
 2130    pz   0.6
 2131    pz   0.7
 2132    pz   0.8
 2133    pz   0.9
 2134    pz   1
 2135    pz   1.1
 2136    pz   1.2
 2137    pz   1.3
 2138    pz   1.4
 2139    pz   1.5
 2140    pz   1.6
 2141    pz   1.7
 2142    pz   1.8
 2143    pz   1.9
 2144    pz   2
 2145    pz   2.1
 2146    pz   2.2
 2147    pz   2.3
 2148    pz   2.4
 2149    pz   2.5
 2150    pz   2.6
 2151    pz   2.7
 2152    pz   2.8
 2153    pz   2.9
 2154    pz   3
 2155    pz   3.1
 2156    pz   3.2
 2157    pz   3.3
 2158    pz   3.4
 2159    pz   3.5
 2160    pz   3.6
 2161    pz   3.7
 2162    pz   3.8
 2163    pz   3.9
 2164    pz   4
 2165    pz   4.1
 2166    pz   4.2
 2167    pz   4.3
 2168    pz   4.4
 2169    pz   4.5
 2170    pz   4.6
 2171    pz   4.7
 2172    pz   4.8
 2173    pz   4.9
 2174    pz   5
 2175    pz   5.1
 2176    pz   5.2
 2177    pz   5.3
 2178    pz   5.4
 2179    pz   5.5
 2180    pz   5.6
 2181    pz   5.7
 2182    pz   5.8
 2183    pz   5.9
 2184    pz   6
 2185    pz   6.1
 2186    pz   6.2
 2187    pz   6.3
 2188    pz   6.4
 2189    pz   6.5
 2190    pz   6.6
 2191    pz   6.7
 2192    pz   6.8
 2193    pz   6.9
 2194    pz   7
 2195    pz   7.1
 2196    pz   7.2
 2197    pz   7.3
 2198    pz   7.4
 2199    pz   7.5
 2200    pz   7.6
 2201    pz   7.7
 2202    pz   7.8
 2203    pz   7.9
 2204    pz   8
 2205    pz   8.1
 2206    pz   8.2
 2207    pz   8.3
 2208    pz   8.4
 2209    pz   8.5
 2210    pz   8.6
 2211    pz   8.7
 2212    pz   8.8
 2213    pz   8.9
 2214    pz   9
 2215    pz   9.1
 2216    pz   9.2
 2217    pz   9.3
 2218    pz   9.4
 2219    pz   9.5
 2220    pz   9.6
 2221    pz   9.7
 2222    pz   9.8
 2223    pz   9.9
 2224    pz   10
 2225    pz   10.1
 2226    pz   10.2
 2227    pz   10.3
 2228    pz   10.4
 2229    pz   10.5
 2230    pz   10.6
 2231    pz   10.7
 2232    pz   10.8
 2233    pz   10.9
 2234    pz   11
 2235    pz   11.1
 2236    pz   11.2
 2237    pz   11.3
 2238    pz   11.4
 2239    pz   11.5
 2240    pz   11.6
 2241    pz   11.7
 2242    pz   11.8
 2243    pz   11.9
 2244    pz   12
 2245    pz   12.1
 2246    pz   12.2
 2247    pz   12.3
 2248    pz   12.4
 2249    pz   12.5
 2250    pz   12.6
 2251    pz   12.7
 2252    pz   12.8
 2253    pz   12.9
 2254    pz   13
 2255    pz   13.1
 2256    pz   13.2
 2257    pz   13.3
 2258    pz   13.4
 2259    pz   13.5
 2260    pz   13.6
 2261    pz   13.7
 2262    pz   13.8
 2263    pz   13.9
 2264    pz   14
 2265    pz   14.1
 2266    pz   14.2
 2267    pz   14.3
 2268    pz   14.4
 2269    pz   14.5
 2270    pz   14.6
 2271    pz   14.7
 2272    pz   14.8
 2273    pz   14.9
 2274    pz   15
 2275    pz   15.1
 2276    pz   15.2
 2277    pz   15.3
 2278    pz   15.4
 2279    pz   15.5
 2280    pz   15.6
 2281    pz   15.7
 2282    pz   15.8
 2283    pz   15.9
 2284    pz   16
 2285    pz   16.1
 2286    pz   16.2
 2287    pz   16.3
 2288    pz   16.4
 2289    pz   16.5
 2290    pz   16.6
 2291    pz   16.7
 2292    pz   16.8
 2293    pz   16.9
 2294    pz   17
 2295    pz   17.1
 2296    pz   17.2
 2297    pz   17.3
 2298    pz   17.4
 2299    pz   17.5
 2300    pz   17.6
 2301    pz   17.7
 2302    pz   17.8
 2303    pz   17.9
 2304    pz   18
 2305    pz   18.1
 2306    pz   18.2
 2307    pz   18.3
 2308    pz   18.4
 2309    pz   18.5
 2310    pz   18.6
 2311    pz   18.7
 2312    pz   18.8
 2313    pz   18.9
 2314    pz   19
 2315    pz   19.1
 2316    pz   19.2
 2317    pz   19.3
 2318    pz   19.4
 2319    pz   19.5
 2320    pz   19.6
 2321    pz   19.7
 2322    pz   19.8
 2323    pz   19.9
 2324    pz   20
 2325    pz   20.1
 2326    pz   20.2
 2327    pz   20.3
 2328    pz   20.4
 2329    pz   20.5
 2330    pz   20.6
 2331    pz   20.7
 2332    pz   20.8
 2333    pz   20.9
 2334    pz   21
 2335    pz   21.1
 2336    pz   21.2
 2337    pz   21.3
 2338    pz   21.4
 2339    pz   21.5
 2340    pz   21.6
 2341    pz   21.7
 2342    pz   21.8
 2343    pz   21.9
 2344    pz   22
 2345    pz   22.1
 2346    pz   22.2
 2347    pz   22.3
 2348    pz   22.4
 2349    pz   22.5
 2350    pz   22.6
 2351    pz   22.7
 2352    pz   22.8
 2353    pz   22.9
 2354    pz   23
 2355    pz   23.1
 2356    pz   23.2
 2357    pz   23.3
 2358    pz   23.4
 2359    pz   23.5
 2360    pz   23.6
 2361    pz   23.7
 2362    pz   23.8
 2363    pz   23.9
 2364    pz   24
 2365    pz   24.1
 2366    pz   24.2
 2367    pz   24.3
 2368    pz   24.4
 2369    pz   24.5
 2370    pz   24.6
 2371    pz   24.7
 2372    pz   24.8
 2373    pz   24.9
 2374    pz   25
 2375    pz   25.1
 2376    pz   25.2
 2377    pz   25.3
 2378    pz   25.4
 2379    pz   25.5
 2380    pz   25.6
 2381    pz   25.7
 2382    pz   25.8
 2383    pz   25.9
 2384    pz   26
 2385    pz   26.1
 2386    pz   26.2
 2387    pz   26.3
 2388    pz   26.4
 2389    pz   26.5
 2390    pz   26.6
 2391    pz   26.7
 2392    pz   26.8
 2393    pz   26.9
 2394    pz   27
 2395    pz   27.1
 2396    pz   27.2
 2397    pz   27.3
 2398    pz   27.4
 2399    pz   27.5
 2400    pz   27.6
   99    cz   3.50

m10     8016 3  13027 2  estep=3 hstep=3
imp:n,h,d,t,s,a   0 0 0 1 402r
mode   n h d t s a
sdef sur=2000 pos=0 0 -12.4  rad=d1 dir=1 erg=149.5 par=h
si1 0.25
phys:h 150.  9j  1
fc6    Energy deposition in 1 mm slabs.
+f6   2000 2001 2002 2003 2004 2005 2006 2007 2008 2009 2010 2011 2012
      2013 2014 2015 2016 2017 2018 2019 2020 2021 2022 2023 2024 2025
      2026 2027 2028 2029 2030 2031 2032 2033 2034 2035 2036 2037 2038
      2039 2040 2041 2042 2043 2044 2045 2046 2047 2048 2049 2050 2051
      2052 2053 2054 2055 2056 2057 2058 2059 2060 2061 2062 2063 2064
      2065 2066 2067 2068 2069 2070 2071 2072 2073 2074 2075 2076 2077
      2078 2079 2080 2081 2082 2083 2084 2085 2086 2087 2088 2089 2090
      2091 2092 2093 2094 2095 2096 2097 2098 2099 2100 2101 2102 2103
      2104 2105 2106 2107 2108 2109 2110 2111 2112 2113 2114 2115 2116
      2117 2118 2119 2120 2121 2122 2123 2124 2125 2126 2127 2128 2129
      2130 2131 2132 2133 2134 2135 2136 2137 2138 2139 2140 2141 2142
      2143 2144 2145 2146 2147 2148 2149 2150 2151 2152 2153 2154 2155
      2156 2157 2158 2159 2160 2161 2162 2163 2164 2165 2166 2167 2168
      2169 2170 2171 2172 2173 2174 2175 2176 2177 2178 2179 2180 2181
      2182 2183 2184 2185 2186 2187 2188 2189 2190 2191 2192 2193 2194
      2195 2196 2197 2198 2199 2200 2201 2202 2203 2204 2205 2206 2207
      2208 2209 2210 2211 2212 2213 2214 2215 2216 2217 2218 2219 2220
      2221 2222 2223 2224 2225 2226 2227 2228 2229 2230 2231 2232 2233
      2234 2235 2236 2237 2238 2239 2240 2241 2242 2243 2244 2245 2246
      2247 2248 2249 2250 2251 2252 2253 2254 2255 2256 2257 2258 2259
      2260 2261 2262 2263 2264 2265 2266 2267 2268 2269 2270 2271 2272
      2273 2274 2275 2276 2277 2278 2279 2280 2281 2282 2283 2284 2285
      2286 2287 2288 2289 2290 2291 2292 2293 2294 2295 2296 2297 2298
      2299 2300 2301 2302 2303 2304 2305 2306 2307 2308 2309 2310 2311
      2312 2313 2314 2315 2316 2317 2318 2319 2320 2321 2322 2323 2324
      2325 2326 2327 2328 2329 2330 2331 2332 2333 2334 2335 2336 2337
      2338 2339 2340 2341 2342 2343 2344 2345 2346 2347 2348 2349 2350
      2351 2352 2353 2354 2355 2356 2357 2358 2359 2360 2361 2362 2363
      2364 2365 2366 2367 2368 2369 2370 2371 2372 2373 2374 2375 2376
      2377 2378 2379 2380 2381 2382 2383 2384 2385 2386 2387 2388 2389
      2390 2391 2392 2393 2394 2395 2396 2397 2398 2399
fq6   f  t
fc2   Flux spectrum at 1 mm, 1 cm, 5 cm, 10 cm, and 15 cm.
f2:h  2001 2010 2050 2100 2150
phys:d,t,s,a 150.  9j  1
c     Detailed bins for long-running studies:   e2    1.0 1489i 150.0
c
c     Coarser bins for test problems:
e2    1.2  371i  150.
c
tf2   3 j j j j j 314 j
fq2   e f
prdmp 2j  -1 j -1
nps   2000
print 85
lca   0 6j 0
c

