message: outp=ex5a.out runtpe=ex5a.run

testprob28: Coupled Neutron-Photon Adjoint Problem
c
c
1     1  -11.35    -1                   imp:n=1
2     1  -11.35     1 -2                imp:n=1
3     0             2 -4 #5             imp:n=1
4     0             4 -3 #5             imp:n=1
5     0            -5                   imp:n=1
6     0             3                   imp:n=0

1     so  20.0
2     so  25.0
3     so  50.0
4     so  45.0
5     sz  45.0     4.999
c

mode n
sdef  pos=0.0 0.0 45.0 erg=d1 rad=d2  cel=5 par=1 wgt=.5009
si1   h   2.0  3.0  4.0  5.0  6.0  7.0  8.0  9.0 10.0 11.0 12.0
         13.0 14.0 15.0 16.0 17.0 18.0 19.0 20.0 21.0 22.0 23.0
         24.0 25.0 26.0 27.0 28.0
         29.0 30.0 31.0 32.0 33.0 34.0 35.0 36.0 37.0 38.0 39.0
         40.0 41.0 42.0 43.0
sp1   d  0.0    1 9r    0 16r    1 13r
si2   0.0  4.9998
c
c
f4:n 1
e0       2.0  3.0  4.0  5.0  6.0  7.0  8.0  9.0 10.0 11.0 12.0
         13.0 14.0 15.0 16.0 17.0 18.0 19.0 20.0 21.0 22.0 23.0
         24.0 25.0 26.0 27.0 28.0
         29.0 30.0 31.0 32.0 33.0 34.0 35.0 36.0 37.0 38.0 39.0
         40.0 41.0 42.0 43.0
em0      0.0  0 9r 0 16r
        0.1565  0.4260  1.1494  1.1610  1.8909  3.0163  4.7234
        3.2550  3.9594  4.7168  5.4829 12.2488  5.2804  2.4421
ft4  scx  1
fq4 u e
m1    82000.  1.0  82001.  1.0
cut:n j 43.0
print
phys:n 100 15
mgopt a 42 1 2  2  1  1000
nps   25000
prdmp 2j -1 j -1
wwp:n 5 3 5
wwe:n  1.0000E+00  2.0000E+00  3.0000E+00  4.0000E+00  5.0000E+00
       6.0000E+00  7.0000E+00  8.0000E+00  9.0000E+00  1.0000E+01
       1.1000E+01  1.2000E+01  1.4000E+01  1.5000E+01  1.6000E+01
       1.7000E+01  1.8000E+01  1.9000E+01  2.0000E+01  2.1000E+01
       2.2000E+01  2.3000E+01  2.4000E+01  2.5000E+01  2.6000E+01
       2.7000E+01  2.8000E+01  2.9000E+01  3.0000E+01  3.1000E+01
       3.2000E+01  3.3000E+01  3.4000E+01  3.5000E+01  3.6000E+01
       3.7000E+01  3.8000E+01  3.9000E+01  4.0000E+01  4.1000E+01
       4.2000E+01  4.3000E+01
wwn1:n   3.9240E+02  1.1115E+02  1.3411E+01  1.3074E+01  3.9240E-01
         -1.0000E+00
wwn2:n   1.6711E+02  2.1119E+01  3.4476E+00  3.3733E+00  1.6711E-01
         -1.0000E+00
wwn3:n   8.0051E+01  6.5281E+00  1.2557E+00  1.2311E+00  8.0051E-02
         -1.0000E+00
wwn4:n   5.4069E+01  4.9303E+00  1.2882E+00  1.2318E+00  5.4069E-02
         -1.0000E+00
wwn5:n   6.2214E+01  4.9037E+00  1.2843E+00  1.2425E+00  6.2214E-02
         -1.0000E+00
wwn6:n   3.8492E+01  3.4007E+00  1.4221E+00  1.3181E+00  3.8492E-02
         -1.0000E+00
wwn7:n   3.5968E+01  3.6926E+00  1.2577E+00  1.2708E+00  3.5968E-02
         -1.0000E+00
wwn8:n   5.1407E+01  3.8684E+00  1.2702E+00  1.2185E+00  5.1407E-02
         -1.0000E+00
wwn9:n   3.7975E+01  4.3719E+00  1.3182E+00  1.2814E+00  3.7975E-02
         -1.0000E+00
wwn10:n   3.9659E+01  3.6998E+00  1.3245E+00  1.2589E+00  3.9659E-02
         -1.0000E+00
wwn11:n   5.1924E+01  4.5845E+00  1.3512E+00  1.2730E+00  5.1924E-02
         -1.0000E+00
wwn12:n   4.2609E+01  4.7344E+00  1.3720E+00  1.2565E+00  4.2609E-02
         -1.0000E+00
wwn13:n   4.3837E+01  7.6496E+01  7.8580E+01  7.0522E+01  5.2656E-01
         -1.0000E+00
wwn14:n   1.0623E+03  2.8204E+02  7.0076E+01  6.3159E+01  1.0623E+00
         -1.0000E+00
wwn15:n   4.2043E+03  1.7879E+03  2.3724E+03  2.3269E+03  1.8078E+01
         -1.0000E+00
wwn16:n   4.2043E+03  3.8991E+03  2.3724E+03  2.3269E+03  1.8078E+01
         -1.0000E+00
wwn17:n   4.2043E+03  2.8901E+03  2.3724E+03  2.3269E+03  1.8078E+01
         -1.0000E+00
wwn18:n   4.2043E+03  5.7802E+02  1.9167E+03  2.3269E+03  1.8078E+01
         -1.0000E+00
wwn19:n   4.2043E+03  9.6139E+02  2.3067E+03  2.3269E+03  1.8078E+01
         -1.0000E+00
wwn20:n   4.2043E+03  3.8991E+03  2.3724E+03  2.3269E+03  1.8078E+01
         -1.0000E+00
wwn21:n   4.2043E+03  3.8991E+03  2.3724E+03  2.3269E+03  1.8078E+01
         -1.0000E+00
wwn22:n   4.2043E+03  3.8991E+03  2.3724E+03  2.3269E+03  1.8078E+01
         -1.0000E+00
wwn23:n   4.2043E+03  3.8991E+03  2.3724E+03  2.3269E+03  1.8078E+01
         -1.0000E+00
wwn24:n   4.2043E+03  3.8991E+03  2.3724E+03  2.3269E+03  1.8078E+01
         -1.0000E+00
wwn25:n   1.2686E+03  1.0659E+03  8.6645E+02  8.1562E+02  6.1601E+00
         -1.0000E+00
wwn26:n   2.5373E+02  2.1319E+02  1.7329E+02  1.6312E+02  1.2320E+00
         -1.0000E+00
wwn27:n   5.0746E+01  4.2638E+01  3.4658E+01  3.2625E+01  2.4641E-01
         -1.0000E+00
wwn28:n   1.0149E+01  8.5275E+00  6.9316E+00  6.5249E+00  4.9281E-02
         -1.0000E+00
wwn29:n   2.0298E+00  1.7055E+00  1.3863E+00  1.3050E+00  9.8562E-03
         -1.0000E+00
wwn30:n   1.8191E+00  1.6635E+00  1.3322E+00  1.3783E+00  1.0550E-02
         -1.0000E+00
wwn31:n   1.4046E+00  1.6089E+00  1.2880E+00  1.3079E+00  9.8614E-03
         -1.0000E+00
wwn32:n   2.5183E+00  1.5637E+00  1.3618E+00  1.3310E+00  1.0716E-02
         -1.0000E+00
wwn33:n   1.5070E+00  1.8127E+00  1.3937E+00  1.3336E+00  1.0264E-02
         -1.0000E+00
wwn34:n   2.4316E+00  1.8490E+00  1.3110E+00  1.3272E+00  1.0109E-02
         -1.0000E+00
wwn35:n   1.5357E+00  1.5518E+00  1.2595E+00  1.2655E+00  9.7192E-03
         -1.0000E+00
wwn36:n   1.6220E+00  1.5526E+00  1.2179E+00  1.2584E+00  9.9295E-03
         -1.0000E+00
wwn37:n   1.6606E+00  1.8820E+00  1.3317E+00  1.2569E+00  1.0224E-02
         -1.0000E+00
wwn38:n   1.2651E+00  1.1517E+00  1.2199E+00  1.2742E+00  1.0539E-02
         -1.0000E+00
wwn39:n   9.9115E-01  1.2620E+00  1.2497E+00  1.1964E+00  9.9027E-03
         -1.0000E+00
wwn40:n   9.9611E-01  1.3924E+00  1.1944E+00  1.2062E+00  9.9623E-03
         -1.0000E+00
wwn41:n   1.0301E+00  1.1601E+00  1.1090E+00  1.2091E+00  1.0242E-02
         -1.0000E+00
wwn42:n   9.4191E-01  1.0000E+00  1.1647E+00  1.2669E+00  1.0684E-02
         -1.0000E+00
c

