NEUTRON displacement damage in iron.
c
c
c   --- cell cards ---
c
c    target cylinder
    1  1 -7.86 1 -2  3 -4 5 -6
    2  0    -7 #1
    3  0     7

c   --- surface cards ---
    1  px   -15.0
    2  px    15.0
    3  py   -15.0
    4  py    15.0
    5  pz   -15.0
    6  pz    15.0
    7  so   100.0

dbcn    28j 0  12j  1 2j 1
c   --- material cards ---
c
c      Material #1: Iron
c      Density: 7.86 gm/cc
m1       26000.  1.0
c
c        --DATA CARDS--
lca    8j  1
mode n
imp:n  1 1 0
phys:n 600.
mphys on
cut:n  1e8 20.
nps    1000
prdmp  2j  -1 j -1
c
c   source definition: rastered horizontally & vertically on target
c   peak current density = current/w/h, w=raster width, h=raster height
sdef  sur 1 pos -15 0 0 rad d1 dir 1 erg 600
si1   0.0 10.0
c
c
f14:n   1
fm14   0.19698
e14    20 600
de14 lin 1.800E+01 1.900E+01 1.995E+01 2.239E+01 2.512E+01 2.818E+01 3.162E+01
          3.548E+01 3.981E+01 4.467E+01 5.012E+01 5.623E+01 6.310E+01 7.079E+01
          7.943E+01 8.913E+01 1.000E+02 1.122E+02 1.259E+02 1.413E+02 1.585E+02
          1.778E+02 1.995E+02 2.239E+02 2.512E+02 2.818E+02 3.162E+02 3.548E+02
          3.981E+02 4.467E+02 5.012E+02 5.623E+02 6.310E+02 7.079E+02 7.943E+02
          8.913E+02 1.000E+03 1.122E+03 1.259E+03 1.413E+03 1.585E+03 1.778E+03
          1.995E+03 2.239E+03 2.512E+03 2.818E+03 3.162E+03
c   n+Fe displacement cross section
df14 lin 3.073E+03 3.164E+03 2.030E+03 2.130E+03 2.215E+03 2.317E+03 2.419E+03
          2.521E+03 2.634E+03 2.637E+03 2.632E+03 2.674E+03 2.679E+03 2.663E+03
          2.634E+03 2.599E+03 2.540E+03 2.480E+03 2.417E+03 2.350E+03 2.270E+03
          2.231E+03 2.194E+03 2.148E+03 2.154E+03 2.150E+03 2.175E+03 2.217E+03
          2.293E+03 2.380E+03 2.474E+03 2.567E+03 2.638E+03 2.662E+03 2.665E+03
          2.648E+03 2.610E+03 2.574E+03 2.515E+03 2.474E+03 2.419E+03 2.367E+03
          2.317E+03 2.233E+03 2.183E+03 2.124E+03 2.029E+03
c
tmesh
c
rmesh1:n flux dose 1 1 1 0.19698
cora1  -15. 15.
corb1  -15. 15.
corc1  -15. 15.
ergsh1  20 600
c
rmesh11:n flux  mfact 1 1 0 0.19698
cora11  -15. 15.
corb11  -15. 15.
corc11  -15. 15.
ergsh11  20 600
c
rmesh21:n flux
cora21  -15. 15.
corb21  -15. 15.
corc21  -15. 15.
ergsh21  20 600
c
c   n+Fe displacement cross section
mshmf1 2.000E+01 2.030E+03 2.239E+01 2.130E+03 2.512E+01 2.215E+03
         2.818E+01 2.317E+03 3.162E+01 2.419E+03 3.548E+01 2.521E+03
         3.981E+01 2.634E+03 4.467E+01 2.637E+03 5.012E+01 2.632E+03
         5.623E+01 2.674E+03 6.310E+01 2.679E+03 7.079E+01 2.663E+03
         7.943E+01 2.634E+03 8.913E+01 2.599E+03 1.000E+02 2.540E+03
         1.122E+02 2.480E+03 1.259E+02 2.417E+03 1.413E+02 2.350E+03
         1.585E+02 2.270E+03 1.778E+02 2.231E+03 1.995E+02 2.194E+03
         2.239E+02 2.148E+03 2.512E+02 2.154E+03 2.818E+02 2.150E+03
         3.162E+02 2.175E+03 3.548E+02 2.217E+03 3.981E+02 2.293E+03
         4.467E+02 2.380E+03 5.012E+02 2.474E+03 5.623E+02 2.567E+03
         6.310E+02 2.638E+03 7.079E+02 2.662E+03 7.943E+02 2.665E+03
         8.913E+02 2.648E+03 1.000E+03 2.610E+03 1.122E+03 2.574E+03
         1.259E+03 2.515E+03 1.413E+03 2.474E+03 1.585E+03 2.419E+03
         1.778E+03 2.367E+03 1.995E+03 2.317E+03 2.239E+03 2.233E+03
         2.512E+03 2.183E+03 2.818E+03 2.124E+03 3.162E+03 2.029E+03
c
endmd
c
fm21   0.19698
de21  lin 1.800E+01 1.900E+01 1.995E+01 2.239E+01 2.512E+01 2.818E+01 3.162E+01
          3.548E+01 3.981E+01 4.467E+01 5.012E+01 5.623E+01 6.310E+01 7.079E+01
          7.943E+01 8.913E+01 1.000E+02 1.122E+02 1.259E+02 1.413E+02 1.585E+02
          1.778E+02 1.995E+02 2.239E+02 2.512E+02 2.818E+02 3.162E+02 3.548E+02
          3.981E+02 4.467E+02 5.012E+02 5.623E+02 6.310E+02 7.079E+02 7.943E+02
          8.913E+02 1.000E+03 1.122E+03 1.259E+03 1.413E+03 1.585E+03 1.778E+03
          1.995E+03 2.239E+03 2.512E+03 2.818E+03 3.162E+03
c   n+Fe displacement cross section
df21  lin 3.073E+03 3.164E+03 2.030E+03 2.130E+03 2.215E+03 2.317E+03 2.419E+03
          2.521E+03 2.634E+03 2.637E+03 2.632E+03 2.674E+03 2.679E+03 2.663E+03
          2.634E+03 2.599E+03 2.540E+03 2.480E+03 2.417E+03 2.350E+03 2.270E+03
          2.231E+03 2.194E+03 2.148E+03 2.154E+03 2.150E+03 2.175E+03 2.217E+03
          2.293E+03 2.380E+03 2.474E+03 2.567E+03 2.638E+03 2.662E+03 2.665E+03
          2.648E+03 2.610E+03 2.574E+03 2.515E+03 2.474E+03 2.419E+03 2.367E+03
          2.317E+03 2.233E+03 2.183E+03 2.124E+03 2.029E+03


