 test of hex in hex geometry , ihh
    1   2 -0.10  -10                                                        
    2   1 -0.80  -20  10 
    3   2 -0.30  -30  20
    4   1 -1.80  -40      -30.7 -30.8 (30.1:30.2:30.3:30.4:30.5:30.6)
    5   2 -0.30  -50  40  -30.7 -30.8
    6   1 -1.80  -60  50  -30.7 -30.8
    7   2 -0.30  -70  60  -30.7 -30.8
    8   1 -1.80  -80  70  -30.7 -30.8
    9   0             (80:30.7:30.8)

   10   rhp  0 0 -2   0 0 4       0   .5  0 
   20   rhp  0 0 -3   0 0 6      .8    0  0 
   30   rhp  0 0 -4   0 0 8       0  1.2  0
   40   rhp  0 0  0   0 0 2.e6   1.7   0  0
   50   rhp  0 0  0   0 0 2.e6    0  2.3  0
   60   rhp  0 0  0   0 0 2.e6   3.1   0  0
   70   rhp  0 0  0   0 0 2.e6    0  3.9  0
   80   rhp  0 0  0   0 0 2.e6   4.9   0  0
  
c       14 MeV source at origen
sdef     
imp:n    1 7r 0
nps      100000
print
m1     26000  1.
m2      1001  2.    8016 1.
fc2    flux leaving facets of perimeter
f2:n    80.1 80.2 80.3 80.4 80.5 80.6 30.7 30.8  t
e2      .001  1.0  30.0
prdmp 2j -1 j -87722
c                         

