                                       2       25000         219335
 testprob28: Coupled Neutron-Photon Adjoint Problem                             
ntal     2
    4   14
tally    4    1    0
f        1
      2
d        1
ut      42
s        0
m        0
c        0
et      43
  2.00000E+00  3.00000E+00  4.00000E+00  5.00000E+00  6.00000E+00  7.00000E+00
  8.00000E+00  9.00000E+00  1.00000E+01  1.10000E+01  1.20000E+01  1.30000E+01
  1.40000E+01  1.50000E+01  1.60000E+01  1.70000E+01  1.80000E+01  1.90000E+01
  2.00000E+01  2.10000E+01  2.20000E+01  2.30000E+01  2.40000E+01  2.50000E+01
  2.60000E+01  2.70000E+01  2.80000E+01  2.90000E+01  3.00000E+01  3.10000E+01
  3.20000E+01  3.30000E+01  3.40000E+01  3.50000E+01  3.60000E+01  3.70000E+01
  3.80000E+01  3.90000E+01  4.00000E+01  4.10000E+01  4.20000E+01  4.30000E+01
t        0
vals
  0.00000E+00 0.0000  0.00000E+00 0.0000  0.00000E+00 0.0000  0.00000E+00 0.0000
  0.00000E+00 0.0000  0.00000E+00 0.0000  0.00000E+00 0.0000  0.00000E+00 0.0000
  0.00000E+00 0.0000  0.00000E+00 0.0000  0.00000E+00 0.0000  0.00000E+00 0.0000
  0.00000E+00 0.0000  0.00000E+00 0.0000  0.00000E+00 0.0000  0.00000E+00 0.0000
  0.00000E+00 0.0000  0.00000E+00 0.0000  0.00000E+00 0.0000  0.00000E+00 0.0000
  0.00000E+00 0.0000  0.00000E+00 0.0000  0.00000E+00 0.0000  0.00000E+00 0.0000
  0.00000E+00 0.0000  0.00000E+00 0.0000  0.00000E+00 0.0000  0.00000E+00 0.0000
  0.00000E+00 0.0000  0.00000E+00 0.0000  0.00000E+00 0.0000  0.00000E+00 0.0000
  4.28917E-07 1.0000  0.00000E+00 0.0000  0.00000E+00 0.0000  0.00000E+00 0.0000
  0.00000E+00 0.0000  0.00000E+00 0.0000  0.00000E+00 0.0000  4.88645E-07 1.0000
  1.66392E-06 1.0000  0.00000E+00 0.0000  2.58148E-06 1.0000  0.00000E+00 0.0000
  0.00000E+00 0.0000  0.00000E+00 0.0000  0.00000E+00 0.0000  0.00000E+00 0.0000
  0.00000E+00 0.0000  0.00000E+00 0.0000  0.00000E+00 0.0000  0.00000E+00 0.0000
  0.00000E+00 0.0000  0.00000E+00 0.0000  0.00000E+00 0.0000  0.00000E+00 0.0000
  0.00000E+00 0.0000  0.00000E+00 0.0000  0.00000E+00 0.0000  0.00000E+00 0.0000
  0.00000E+00 0.0000  0.00000E+00 0.0000  0.00000E+00 0.0000  0.00000E+00 0.0000
  0.00000E+00 0.0000  0.00000E+00 0.0000  0.00000E+00 0.0000  0.00000E+00 0.0000
  0.00000E+00 0.0000  0.00000E+00 0.0000  0.00000E+00 0.0000  0.00000E+00 0.0000
  0.00000E+00 0.0000  0.00000E+00 0.0000  0.00000E+00 0.0000  0.00000E+00 0.0000
  0.00000E+00 0.0000  0.00000E+00 0.0000  0.00000E+00 0.0000  4.60882E-07 0.9259
  0.00000E+00 0.0000  1.10913E-07 1.0000  0.00000E+00 0.0000  0.00000E+00 0.0000
  7.94886E-08 1.0000  6.51283E-07 0.8420  0.00000E+00 0.0000  0.00000E+00 0.0000
  0.00000E+00 0.0000  0.00000E+00 0.0000  0.00000E+00 0.0000  0.00000E+00 0.0000
  0.00000E+00 0.0000  0.00000E+00 0.0000  0.00000E+00 0.0000  0.00000E+00 0.0000
  0.00000E+00 0.0000  0.00000E+00 0.0000  0.00000E+00 0.0000  0.00000E+00 0.0000
  0.00000E+00 0.0000  0.00000E+00 0.0000  0.00000E+00 0.0000  0.00000E+00 0.0000
  0.00000E+00 0.0000  0.00000E+00 0.0000  0.00000E+00 0.0000  0.00000E+00 0.0000
  0.00000E+00 0.0000  0.00000E+00 0.0000  0.00000E+00 0.0000  0.00000E+00 0.0000
  0.00000E+00 0.0000  0.00000E+00 0.0000  0.00000E+00 0.0000  0.00000E+00 0.0000
  0.00000E+00 0.0000  0.00000E+00 0.0000  0.00000E+00 0.0000  0.00000E+00 0.0000
  0.00000E+00 0.0000  0.00000E+00 0.0000  0.00000E+00 0.0000  0.00000E+00 0.0000
  0.00000E+00 0.0000  0.00000E+00 0.0000  0.00000E+00 0.0000  0.00000E+00 0.0000
  0.00000E+00 0.0000  0.00000E+00 0.0000  0.00000E+00 0.0000  0.00000E+00 0.0000
  0.00000E+00 0.0000  0.00000E+00 0.0000  0.00000E+00 0.0000  0.00000E+00 0.0000
  0.00000E+00 0.0000  0.00000E+00 0.0000  0.00000E+00 0.0000  0.00000E+00 0.0000
  0.00000E+00 0.0000  0.00000E+00 0.0000  0.00000E+00 0.0000  0.00000E+00 0.0000
  0.00000E+00 0.0000  0.00000E+00 0.0000  0.00000E+00 0.0000  0.00000E+00 0.0000
  0.00000E+00 0.0000  0.00000E+00 0.0000  0.00000E+00 0.0000  0.00000E+00 0.0000
  0.00000E+00 0.0000  0.00000E+00 0.0000  0.00000E+00 0.0000  0.00000E+00 0.0000
  0.00000E+00 0.0000  0.00000E+00 0.0000  0.00000E+00 0.0000  0.00000E+00 0.0000
  0.00000E+00 0.0000  0.00000E+00 0.0000  0.00000E+00 0.0000  0.00000E+00 0.0000
  0.00000E+00 0.0000  0.00000E+00 0.0000  0.00000E+00 0.0000  0.00000E+00 0.0000
  0.00000E+00 0.0000  0.00000E+00 0.0000  0.00000E+00 0.0000  0.00000E+00 0.0000
  0.00000E+00 0.0000  0.00000E+00 0.0000  0.00000E+00 0.0000  0.00000E+00 0.0000
  0.00000E+00 0.0000  0.00000E+00 0.0000  0.00000E+00 0.0000  0.00000E+00 0.0000
  0.00000E+00 0.0000  0.00000E+00 0.0000  0.00000E+00 0.0000  0.00000E+00 0.0000
  0.00000E+00 0.0000  0.00000E+00 0.0000  0.00000E+00 0.0000  0.00000E+00 0.0000
  0.00000E+00 0.0000  0.00000E+00 0.0000  0.00000E+00 0.0000  0.00000E+00 0.0000
  0.00000E+00 0.0000  0.00000E+00 0.0000  0.00000E+00 0.0000  0.00000E+00 0.0000
  0.00000E+00 0.0000  0.00000E+00 0.0000  0.00000E+00 0.0000  0.00000E+00 0.0000
  0.00000E+00 0.0000  0.00000E+00 0.0000  0.00000E+00 0.0000  0.00000E+00 0.0000
  0.00000E+00 0.0000  0.00000E+00 0.0000  0.00000E+00 0.0000  0.00000E+00 0.0000
  0.00000E+00 0.0000  0.00000E+00 0.0000  0.00000E+00 0.0000  0.00000E+00 0.0000
  0.00000E+00 0.0000  1.11425E-08 1.0000  1.11425E-08 1.0000  0.00000E+00 0.0000
  0.00000E+00 0.0000  0.00000E+00 0.0000  0.00000E+00 0.0000  0.00000E+00 0.0000
  0.00000E+00 0.0000  0.00000E+00 0.0000  0.00000E+00 0.0000  0.00000E+00 0.0000
  0.00000E+00 0.0000  0.00000E+00 0.0000  0.00000E+00 0.0000  0.00000E+00 0.0000
  0.00000E+00 0.0000  0.00000E+00 0.0000  0.00000E+00 0.0000  0.00000E+00 0.0000
  0.00000E+00 0.0000  0.00000E+00 0.0000  0.00000E+00 0.0000  0.00000E+00 0.0000
  0.00000E+00 0.0000  0.00000E+00 0.0000  0.00000E+00 0.0000  0.00000E+00 0.0000
  0.00000E+00 0.0000  0.00000E+00 0.0000  0.00000E+00 0.0000  0.00000E+00 0.0000
  0.00000E+00 0.0000  0.00000E+00 0.0000  0.00000E+00 0.0000  0.00000E+00 0.0000
  0.00000E+00 0.0000  0.00000E+00 0.0000  0.00000E+00 0.0000  0.00000E+00 0.0000
  0.00000E+00 0.0000  0.00000E+00 0.0000  0.00000E+00 0.0000  0.00000E+00 0.0000
  0.00000E+00 0.0000  0.00000E+00 0.0000  0.00000E+00 0.0000  0.00000E+00 0.0000
  0.00000E+00 0.0000  0.00000E+00 0.0000  0.00000E+00 0.0000  0.00000E+00 0.0000
  0.00000E+00 0.0000  0.00000E+00 0.0000  0.00000E+00 0.0000  0.00000E+00 0.0000
  0.00000E+00 0.0000  0.00000E+00 0.0000  0.00000E+00 0.0000  0.00000E+00 0.0000
  0.00000E+00 0.0000  0.00000E+00 0.0000  0.00000E+00 0.0000  0.00000E+00 0.0000
  0.00000E+00 0.0000  0.00000E+00 0.0000  0.00000E+00 0.0000  0.00000E+00 0.0000
  0.00000E+00 0.0000  0.00000E+00 0.0000  0.00000E+00 0.0000  0.00000E+00 0.0000
  0.00000E+00 0.0000  0.00000E+00 0.0000  0.00000E+00 0.0000  0.00000E+00 0.0000
  0.00000E+00 0.0000  0.00000E+00 0.0000  0.00000E+00 0.0000  0.00000E+00 0.0000
  0.00000E+00 0.0000  0.00000E+00 0.0000  0.00000E+00 0.0000  0.00000E+00 0.0000
  0.00000E+00 0.0000  0.00000E+00 0.0000  0.00000E+00 0.0000  0.00000E+00 0.0000
  0.00000E+00 0.0000  0.00000E+00 0.0000  0.00000E+00 0.0000  0.00000E+00 0.0000
  0.00000E+00 0.0000  0.00000E+00 0.0000  0.00000E+00 0.0000  0.00000E+00 0.0000
  0.00000E+00 0.0000  0.00000E+00 0.0000  0.00000E+00 0.0000  0.00000E+00 0.0000
  0.00000E+00 0.0000  0.00000E+00 0.0000  0.00000E+00 0.0000  0.00000E+00 0.0000
  0.00000E+00 0.0000  0.00000E+00 0.0000  0.00000E+00 0.0000  0.00000E+00 0.0000
  0.00000E+00 0.0000  0.00000E+00 0.0000  0.00000E+00 0.0000  0.00000E+00 0.0000
  0.00000E+00 0.0000  0.00000E+00 0.0000  0.00000E+00 0.0000  0.00000E+00 0.0000
  0.00000E+00 0.0000  0.00000E+00 0.0000  0.00000E+00 0.0000  0.00000E+00 0.0000
  0.00000E+00 0.0000  0.00000E+00 0.0000  0.00000E+00 0.0000  0.00000E+00 0.0000
  0.00000E+00 0.0000  0.00000E+00 0.0000  0.00000E+00 0.0000  0.00000E+00 0.0000
  0.00000E+00 0.0000  0.00000E+00 0.0000  0.00000E+00 0.0000  0.00000E+00 0.0000
  0.00000E+00 0.0000  0.00000E+00 0.0000  0.00000E+00 0.0000  0.00000E+00 0.0000
  0.00000E+00 0.0000  0.00000E+00 0.0000  0.00000E+00 0.0000  0.00000E+00 0.0000
  0.00000E+00 0.0000  0.00000E+00 0.0000  0.00000E+00 0.0000  0.00000E+00 0.0000
  0.00000E+00 0.0000  0.00000E+00 0.0000  0.00000E+00 0.0000  0.00000E+00 0.0000
  0.00000E+00 0.0000  0.00000E+00 0.0000  0.00000E+00 0.0000  0.00000E+00 0.0000
  0.00000E+00 0.0000  0.00000E+00 0.0000  0.00000E+00 0.0000  0.00000E+00 0.0000
  0.00000E+00 0.0000  0.00000E+00 0.0000  0.00000E+00 0.0000  0.00000E+00 0.0000
  0.00000E+00 0.0000  0.00000E+00 0.0000  0.00000E+00 0.0000  0.00000E+00 0.0000
  0.00000E+00 0.0000  0.00000E+00 0.0000  0.00000E+00 0.0000  0.00000E+00 0.0000
  0.00000E+00 0.0000  0.00000E+00 0.0000  0.00000E+00 0.0000  0.00000E+00 0.0000
  0.00000E+00 0.0000  0.00000E+00 0.0000  0.00000E+00 0.0000  0.00000E+00 0.0000
  0.00000E+00 0.0000  0.00000E+00 0.0000  0.00000E+00 0.0000  0.00000E+00 0.0000
  0.00000E+00 0.0000  0.00000E+00 0.0000  0.00000E+00 0.0000  0.00000E+00 0.0000
  0.00000E+00 0.0000  0.00000E+00 0.0000  0.00000E+00 0.0000  0.00000E+00 0.0000
  0.00000E+00 0.0000  0.00000E+00 0.0000  0.00000E+00 0.0000  0.00000E+00 0.0000
  0.00000E+00 0.0000  0.00000E+00 0.0000  0.00000E+00 0.0000  0.00000E+00 0.0000
  0.00000E+00 0.0000  0.00000E+00 0.0000  0.00000E+00 0.0000  0.00000E+00 0.0000
  0.00000E+00 0.0000  0.00000E+00 0.0000  0.00000E+00 0.0000  0.00000E+00 0.0000
  0.00000E+00 0.0000  0.00000E+00 0.0000  0.00000E+00 0.0000  0.00000E+00 0.0000
  0.00000E+00 0.0000  0.00000E+00 0.0000  0.00000E+00 0.0000  0.00000E+00 0.0000
  0.00000E+00 0.0000  0.00000E+00 0.0000  0.00000E+00 0.0000  0.00000E+00 0.0000
  0.00000E+00 0.0000  0.00000E+00 0.0000  0.00000E+00 0.0000  0.00000E+00 0.0000
  0.00000E+00 0.0000  0.00000E+00 0.0000  0.00000E+00 0.0000  0.00000E+00 0.0000
  0.00000E+00 0.0000  0.00000E+00 0.0000  0.00000E+00 0.0000  0.00000E+00 0.0000
  0.00000E+00 0.0000  0.00000E+00 0.0000  0.00000E+00 0.0000  0.00000E+00 0.0000
  0.00000E+00 0.0000  0.00000E+00 0.0000  0.00000E+00 0.0000  0.00000E+00 0.0000
  0.00000E+00 0.0000  0.00000E+00 0.0000  0.00000E+00 0.0000  0.00000E+00 0.0000
  0.00000E+00 0.0000  0.00000E+00 0.0000  0.00000E+00 0.0000  0.00000E+00 0.0000
  0.00000E+00 0.0000  0.00000E+00 0.0000  0.00000E+00 0.0000  0.00000E+00 0.0000
  0.00000E+00 0.0000  0.00000E+00 0.0000  0.00000E+00 0.0000  0.00000E+00 0.0000
  0.00000E+00 0.0000  0.00000E+00 0.0000  0.00000E+00 0.0000  0.00000E+00 0.0000
  0.00000E+00 0.0000  0.00000E+00 0.0000  0.00000E+00 0.0000  0.00000E+00 0.0000
  0.00000E+00 0.0000  0.00000E+00 0.0000  0.00000E+00 0.0000  0.00000E+00 0.0000
  0.00000E+00 0.0000  0.00000E+00 0.0000  0.00000E+00 0.0000  0.00000E+00 0.0000
  0.00000E+00 0.0000  0.00000E+00 0.0000  0.00000E+00 0.0000  0.00000E+00 0.0000
  0.00000E+00 0.0000  0.00000E+00 0.0000  0.00000E+00 0.0000  0.00000E+00 0.0000
  0.00000E+00 0.0000  0.00000E+00 0.0000  0.00000E+00 0.0000  0.00000E+00 0.0000
  0.00000E+00 0.0000  0.00000E+00 0.0000  0.00000E+00 0.0000  0.00000E+00 0.0000
  0.00000E+00 0.0000  0.00000E+00 0.0000  0.00000E+00 0.0000  0.00000E+00 0.0000
  0.00000E+00 0.0000  0.00000E+00 0.0000  0.00000E+00 0.0000  0.00000E+00 0.0000
  0.00000E+00 0.0000  0.00000E+00 0.0000  0.00000E+00 0.0000  0.00000E+00 0.0000
  0.00000E+00 0.0000  0.00000E+00 0.0000  0.00000E+00 0.0000  0.00000E+00 0.0000
  0.00000E+00 0.0000  0.00000E+00 0.0000  0.00000E+00 0.0000  0.00000E+00 0.0000
  0.00000E+00 0.0000  0.00000E+00 0.0000  0.00000E+00 0.0000  0.00000E+00 0.0000
  0.00000E+00 0.0000  0.00000E+00 0.0000  0.00000E+00 0.0000  0.00000E+00 0.0000
  0.00000E+00 0.0000  0.00000E+00 0.0000  0.00000E+00 0.0000  0.00000E+00 0.0000
  0.00000E+00 0.0000  0.00000E+00 0.0000  0.00000E+00 0.0000  0.00000E+00 0.0000
  0.00000E+00 0.0000  0.00000E+00 0.0000  0.00000E+00 0.0000  0.00000E+00 0.0000
  0.00000E+00 0.0000  0.00000E+00 0.0000  0.00000E+00 0.0000  0.00000E+00 0.0000
  0.00000E+00 0.0000  0.00000E+00 0.0000  0.00000E+00 0.0000  0.00000E+00 0.0000
  0.00000E+00 0.0000  0.00000E+00 0.0000  0.00000E+00 0.0000  0.00000E+00 0.0000
  0.00000E+00 0.0000  0.00000E+00 0.0000  0.00000E+00 0.0000  0.00000E+00 0.0000
  0.00000E+00 0.0000  0.00000E+00 0.0000  0.00000E+00 0.0000  0.00000E+00 0.0000
  0.00000E+00 0.0000  0.00000E+00 0.0000  0.00000E+00 0.0000  0.00000E+00 0.0000
  0.00000E+00 0.0000  0.00000E+00 0.0000  0.00000E+00 0.0000  0.00000E+00 0.0000
  0.00000E+00 0.0000  0.00000E+00 0.0000  0.00000E+00 0.0000  0.00000E+00 0.0000
  0.00000E+00 0.0000  0.00000E+00 0.0000  0.00000E+00 0.0000  0.00000E+00 0.0000
  0.00000E+00 0.0000  0.00000E+00 0.0000  0.00000E+00 0.0000  0.00000E+00 0.0000
  0.00000E+00 0.0000  0.00000E+00 0.0000  0.00000E+00 0.0000  0.00000E+00 0.0000
  0.00000E+00 0.0000  0.00000E+00 0.0000  0.00000E+00 0.0000  0.00000E+00 0.0000
  0.00000E+00 0.0000  0.00000E+00 0.0000  0.00000E+00 0.0000  0.00000E+00 0.0000
  0.00000E+00 0.0000  0.00000E+00 0.0000  0.00000E+00 0.0000  0.00000E+00 0.0000
  0.00000E+00 0.0000  0.00000E+00 0.0000  0.00000E+00 0.0000  0.00000E+00 0.0000
  0.00000E+00 0.0000  0.00000E+00 0.0000  0.00000E+00 0.0000  0.00000E+00 0.0000
  0.00000E+00 0.0000  0.00000E+00 0.0000  0.00000E+00 0.0000  0.00000E+00 0.0000
  0.00000E+00 0.0000  0.00000E+00 0.0000  0.00000E+00 0.0000  0.00000E+00 0.0000
  0.00000E+00 0.0000  0.00000E+00 0.0000  0.00000E+00 0.0000  0.00000E+00 0.0000
  0.00000E+00 0.0000  0.00000E+00 0.0000  0.00000E+00 0.0000  0.00000E+00 0.0000
  0.00000E+00 0.0000  0.00000E+00 0.0000  0.00000E+00 0.0000  0.00000E+00 0.0000
  0.00000E+00 0.0000  0.00000E+00 0.0000  0.00000E+00 0.0000  0.00000E+00 0.0000
  0.00000E+00 0.0000  0.00000E+00 0.0000  0.00000E+00 0.0000  0.00000E+00 0.0000
  0.00000E+00 0.0000  0.00000E+00 0.0000  0.00000E+00 0.0000  0.00000E+00 0.0000
  0.00000E+00 0.0000  0.00000E+00 0.0000  0.00000E+00 0.0000  0.00000E+00 0.0000
  0.00000E+00 0.0000  0.00000E+00 0.0000  0.00000E+00 0.0000  0.00000E+00 0.0000
  0.00000E+00 0.0000  0.00000E+00 0.0000  0.00000E+00 0.0000  0.00000E+00 0.0000
  0.00000E+00 0.0000  0.00000E+00 0.0000  0.00000E+00 0.0000  0.00000E+00 0.0000
  0.00000E+00 0.0000  0.00000E+00 0.0000  0.00000E+00 0.0000  0.00000E+00 0.0000
  0.00000E+00 0.0000  0.00000E+00 0.0000  0.00000E+00 0.0000  0.00000E+00 0.0000
  0.00000E+00 0.0000  0.00000E+00 0.0000  0.00000E+00 0.0000  0.00000E+00 0.0000
  0.00000E+00 0.0000  0.00000E+00 0.0000  0.00000E+00 0.0000  0.00000E+00 0.0000
  0.00000E+00 0.0000  0.00000E+00 0.0000  0.00000E+00 0.0000  0.00000E+00 0.0000
  0.00000E+00 0.0000  0.00000E+00 0.0000  0.00000E+00 0.0000  0.00000E+00 0.0000
  0.00000E+00 0.0000  0.00000E+00 0.0000  0.00000E+00 0.0000  0.00000E+00 0.0000
  0.00000E+00 0.0000  0.00000E+00 0.0000  0.00000E+00 0.0000  0.00000E+00 0.0000
  0.00000E+00 0.0000  0.00000E+00 0.0000  0.00000E+00 0.0000  0.00000E+00 0.0000
  0.00000E+00 0.0000  0.00000E+00 0.0000  0.00000E+00 0.0000  0.00000E+00 0.0000
  0.00000E+00 0.0000  0.00000E+00 0.0000  0.00000E+00 0.0000  0.00000E+00 0.0000
  0.00000E+00 0.0000  0.00000E+00 0.0000  0.00000E+00 0.0000  0.00000E+00 0.0000
  0.00000E+00 0.0000  0.00000E+00 0.0000  0.00000E+00 0.0000  0.00000E+00 0.0000
  0.00000E+00 0.0000  0.00000E+00 0.0000  0.00000E+00 0.0000  0.00000E+00 0.0000
  0.00000E+00 0.0000  0.00000E+00 0.0000  0.00000E+00 0.0000  0.00000E+00 0.0000
  0.00000E+00 0.0000  0.00000E+00 0.0000  0.00000E+00 0.0000  0.00000E+00 0.0000
  0.00000E+00 0.0000  0.00000E+00 0.0000  0.00000E+00 0.0000  0.00000E+00 0.0000
  0.00000E+00 0.0000  0.00000E+00 0.0000  0.00000E+00 0.0000  0.00000E+00 0.0000
  0.00000E+00 0.0000  0.00000E+00 0.0000  0.00000E+00 0.0000  0.00000E+00 0.0000
  0.00000E+00 0.0000  0.00000E+00 0.0000  0.00000E+00 0.0000  0.00000E+00 0.0000
  0.00000E+00 0.0000  0.00000E+00 0.0000  0.00000E+00 0.0000  0.00000E+00 0.0000
  0.00000E+00 0.0000  0.00000E+00 0.0000  0.00000E+00 0.0000  0.00000E+00 0.0000
  0.00000E+00 0.0000  0.00000E+00 0.0000  0.00000E+00 0.0000  0.00000E+00 0.0000
  0.00000E+00 0.0000  0.00000E+00 0.0000  0.00000E+00 0.0000  0.00000E+00 0.0000
  0.00000E+00 0.0000  0.00000E+00 0.0000  0.00000E+00 0.0000  0.00000E+00 0.0000
  0.00000E+00 0.0000  0.00000E+00 0.0000  0.00000E+00 0.0000  0.00000E+00 0.0000
  0.00000E+00 0.0000  0.00000E+00 0.0000  0.00000E+00 0.0000  0.00000E+00 0.0000
  0.00000E+00 0.0000  0.00000E+00 0.0000  0.00000E+00 0.0000  0.00000E+00 0.0000
  0.00000E+00 0.0000  0.00000E+00 0.0000  0.00000E+00 0.0000  0.00000E+00 0.0000
  0.00000E+00 0.0000  0.00000E+00 0.0000  0.00000E+00 0.0000  0.00000E+00 0.0000
  0.00000E+00 0.0000  0.00000E+00 0.0000  0.00000E+00 0.0000  0.00000E+00 0.0000
  0.00000E+00 0.0000  0.00000E+00 0.0000  0.00000E+00 0.0000  0.00000E+00 0.0000
  0.00000E+00 0.0000  0.00000E+00 0.0000  0.00000E+00 0.0000  0.00000E+00 0.0000
  0.00000E+00 0.0000  0.00000E+00 0.0000  0.00000E+00 0.0000  0.00000E+00 0.0000
  0.00000E+00 0.0000  0.00000E+00 0.0000  0.00000E+00 0.0000  0.00000E+00 0.0000
  0.00000E+00 0.0000  0.00000E+00 0.0000  0.00000E+00 0.0000  0.00000E+00 0.0000
  0.00000E+00 0.0000  0.00000E+00 0.0000  0.00000E+00 0.0000  0.00000E+00 0.0000
  0.00000E+00 0.0000  0.00000E+00 0.0000  0.00000E+00 0.0000  0.00000E+00 0.0000
  0.00000E+00 0.0000  0.00000E+00 0.0000  0.00000E+00 0.0000  0.00000E+00 0.0000
  0.00000E+00 0.0000  0.00000E+00 0.0000  0.00000E+00 0.0000  0.00000E+00 0.0000
  0.00000E+00 0.0000  0.00000E+00 0.0000  0.00000E+00 0.0000  0.00000E+00 0.0000
  0.00000E+00 0.0000  0.00000E+00 0.0000  0.00000E+00 0.0000  0.00000E+00 0.0000
  0.00000E+00 0.0000  0.00000E+00 0.0000  0.00000E+00 0.0000  0.00000E+00 0.0000
  0.00000E+00 0.0000  0.00000E+00 0.0000  0.00000E+00 0.0000  0.00000E+00 0.0000
  0.00000E+00 0.0000  0.00000E+00 0.0000  0.00000E+00 0.0000  0.00000E+00 0.0000
  0.00000E+00 0.0000  0.00000E+00 0.0000  0.00000E+00 0.0000  0.00000E+00 0.0000
  0.00000E+00 0.0000  0.00000E+00 0.0000  0.00000E+00 0.0000  0.00000E+00 0.0000
  0.00000E+00 0.0000  0.00000E+00 0.0000  0.00000E+00 0.0000  0.00000E+00 0.0000
  0.00000E+00 0.0000  0.00000E+00 0.0000  0.00000E+00 0.0000  0.00000E+00 0.0000
  0.00000E+00 0.0000  0.00000E+00 0.0000  0.00000E+00 0.0000  0.00000E+00 0.0000
  0.00000E+00 0.0000  0.00000E+00 0.0000  0.00000E+00 0.0000  0.00000E+00 0.0000
  0.00000E+00 0.0000  0.00000E+00 0.0000  0.00000E+00 0.0000  0.00000E+00 0.0000
  0.00000E+00 0.0000  0.00000E+00 0.0000  0.00000E+00 0.0000  0.00000E+00 0.0000
  0.00000E+00 0.0000  0.00000E+00 0.0000  0.00000E+00 0.0000  0.00000E+00 0.0000
  0.00000E+00 0.0000  0.00000E+00 0.0000  0.00000E+00 0.0000  0.00000E+00 0.0000
  0.00000E+00 0.0000  0.00000E+00 0.0000  0.00000E+00 0.0000  0.00000E+00 0.0000
  0.00000E+00 0.0000  0.00000E+00 0.0000  0.00000E+00 0.0000  0.00000E+00 0.0000
  0.00000E+00 0.0000  0.00000E+00 0.0000  0.00000E+00 0.0000  0.00000E+00 0.0000
  0.00000E+00 0.0000  0.00000E+00 0.0000  0.00000E+00 0.0000  0.00000E+00 0.0000
  0.00000E+00 0.0000  0.00000E+00 0.0000  0.00000E+00 0.0000  0.00000E+00 0.0000
  0.00000E+00 0.0000  0.00000E+00 0.0000  0.00000E+00 0.0000  0.00000E+00 0.0000
  0.00000E+00 0.0000  0.00000E+00 0.0000  0.00000E+00 0.0000  0.00000E+00 0.0000
  0.00000E+00 0.0000  0.00000E+00 0.0000  0.00000E+00 0.0000  0.00000E+00 0.0000
  0.00000E+00 0.0000  0.00000E+00 0.0000  0.00000E+00 0.0000  0.00000E+00 0.0000
  0.00000E+00 0.0000  0.00000E+00 0.0000  0.00000E+00 0.0000  0.00000E+00 0.0000
  0.00000E+00 0.0000  0.00000E+00 0.0000  0.00000E+00 0.0000  0.00000E+00 0.0000
  0.00000E+00 0.0000  0.00000E+00 0.0000  0.00000E+00 0.0000  0.00000E+00 0.0000
  0.00000E+00 0.0000  0.00000E+00 0.0000  0.00000E+00 0.0000  0.00000E+00 0.0000
  0.00000E+00 0.0000  0.00000E+00 0.0000  0.00000E+00 0.0000  0.00000E+00 0.0000
  0.00000E+00 0.0000  0.00000E+00 0.0000  0.00000E+00 0.0000  0.00000E+00 0.0000
  0.00000E+00 0.0000  0.00000E+00 0.0000  0.00000E+00 0.0000  0.00000E+00 0.0000
  0.00000E+00 0.0000  0.00000E+00 0.0000  0.00000E+00 0.0000  0.00000E+00 0.0000
  0.00000E+00 0.0000  0.00000E+00 0.0000  0.00000E+00 0.0000  0.00000E+00 0.0000
  0.00000E+00 0.0000  0.00000E+00 0.0000  0.00000E+00 0.0000  0.00000E+00 0.0000
  0.00000E+00 0.0000  0.00000E+00 0.0000  0.00000E+00 0.0000  0.00000E+00 0.0000
  0.00000E+00 0.0000  0.00000E+00 0.0000  0.00000E+00 0.0000  0.00000E+00 0.0000
  0.00000E+00 0.0000  0.00000E+00 0.0000  0.00000E+00 0.0000  0.00000E+00 0.0000
  0.00000E+00 0.0000  0.00000E+00 0.0000  0.00000E+00 0.0000  0.00000E+00 0.0000
  0.00000E+00 0.0000  0.00000E+00 0.0000  0.00000E+00 0.0000  0.00000E+00 0.0000
  0.00000E+00 0.0000  0.00000E+00 0.0000  0.00000E+00 0.0000  0.00000E+00 0.0000
  0.00000E+00 0.0000  0.00000E+00 0.0000  0.00000E+00 0.0000  0.00000E+00 0.0000
  0.00000E+00 0.0000  0.00000E+00 0.0000  0.00000E+00 0.0000  0.00000E+00 0.0000
  0.00000E+00 0.0000  0.00000E+00 0.0000  0.00000E+00 0.0000  0.00000E+00 0.0000
  0.00000E+00 0.0000  0.00000E+00 0.0000  0.00000E+00 0.0000  0.00000E+00 0.0000
  0.00000E+00 0.0000  0.00000E+00 0.0000  0.00000E+00 0.0000  0.00000E+00 0.0000
  0.00000E+00 0.0000  0.00000E+00 0.0000  0.00000E+00 0.0000  0.00000E+00 0.0000
  0.00000E+00 0.0000  0.00000E+00 0.0000  0.00000E+00 0.0000  0.00000E+00 0.0000
  0.00000E+00 0.0000  0.00000E+00 0.0000  0.00000E+00 0.0000  0.00000E+00 0.0000
  0.00000E+00 0.0000  0.00000E+00 0.0000  0.00000E+00 0.0000  0.00000E+00 0.0000
  0.00000E+00 0.0000  0.00000E+00 0.0000  0.00000E+00 0.0000  0.00000E+00 0.0000
  0.00000E+00 0.0000  0.00000E+00 0.0000  0.00000E+00 0.0000  0.00000E+00 0.0000
  0.00000E+00 0.0000  0.00000E+00 0.0000  0.00000E+00 0.0000  0.00000E+00 0.0000
  0.00000E+00 0.0000  0.00000E+00 0.0000  0.00000E+00 0.0000  0.00000E+00 0.0000
  0.00000E+00 0.0000  0.00000E+00 0.0000  0.00000E+00 0.0000  0.00000E+00 0.0000
  0.00000E+00 0.0000  0.00000E+00 0.0000  0.00000E+00 0.0000  0.00000E+00 0.0000
  0.00000E+00 0.0000  0.00000E+00 0.0000  0.00000E+00 0.0000  0.00000E+00 0.0000
  0.00000E+00 0.0000  0.00000E+00 0.0000  0.00000E+00 0.0000  0.00000E+00 0.0000
  0.00000E+00 0.0000  0.00000E+00 0.0000  0.00000E+00 0.0000  0.00000E+00 0.0000
  0.00000E+00 0.0000  0.00000E+00 0.0000  0.00000E+00 0.0000  0.00000E+00 0.0000
  0.00000E+00 0.0000  0.00000E+00 0.0000  0.00000E+00 0.0000  0.00000E+00 0.0000
  0.00000E+00 0.0000  0.00000E+00 0.0000  0.00000E+00 0.0000  0.00000E+00 0.0000
  0.00000E+00 0.0000  0.00000E+00 0.0000  0.00000E+00 0.0000  0.00000E+00 0.0000
  0.00000E+00 0.0000  0.00000E+00 0.0000  0.00000E+00 0.0000  0.00000E+00 0.0000
  0.00000E+00 0.0000  0.00000E+00 0.0000  0.00000E+00 0.0000  0.00000E+00 0.0000
  0.00000E+00 0.0000  0.00000E+00 0.0000  0.00000E+00 0.0000  0.00000E+00 0.0000
  0.00000E+00 0.0000  0.00000E+00 0.0000  0.00000E+00 0.0000  0.00000E+00 0.0000
  0.00000E+00 0.0000  0.00000E+00 0.0000  0.00000E+00 0.0000  0.00000E+00 0.0000
  0.00000E+00 0.0000  0.00000E+00 0.0000  0.00000E+00 0.0000  0.00000E+00 0.0000
  0.00000E+00 0.0000  0.00000E+00 0.0000  0.00000E+00 0.0000  0.00000E+00 0.0000
  0.00000E+00 0.0000  0.00000E+00 0.0000  0.00000E+00 0.0000  0.00000E+00 0.0000
  0.00000E+00 0.0000  0.00000E+00 0.0000  0.00000E+00 0.0000  0.00000E+00 0.0000
  0.00000E+00 0.0000  0.00000E+00 0.0000  0.00000E+00 0.0000  0.00000E+00 0.0000
  0.00000E+00 0.0000  0.00000E+00 0.0000  0.00000E+00 0.0000  0.00000E+00 0.0000
  0.00000E+00 0.0000  0.00000E+00 0.0000  0.00000E+00 0.0000  0.00000E+00 0.0000
  0.00000E+00 0.0000  0.00000E+00 0.0000  0.00000E+00 0.0000  0.00000E+00 0.0000
  0.00000E+00 0.0000  0.00000E+00 0.0000  0.00000E+00 0.0000  0.00000E+00 0.0000
  0.00000E+00 0.0000  0.00000E+00 0.0000  0.00000E+00 0.0000  0.00000E+00 0.0000
  0.00000E+00 0.0000  0.00000E+00 0.0000  0.00000E+00 0.0000  0.00000E+00 0.0000
  0.00000E+00 0.0000  0.00000E+00 0.0000  0.00000E+00 0.0000  0.00000E+00 0.0000
  0.00000E+00 0.0000  0.00000E+00 0.0000  0.00000E+00 0.0000  0.00000E+00 0.0000
  0.00000E+00 0.0000  0.00000E+00 0.0000  0.00000E+00 0.0000  0.00000E+00 0.0000
  0.00000E+00 0.0000  0.00000E+00 0.0000  0.00000E+00 0.0000  0.00000E+00 0.0000
  0.00000E+00 0.0000  0.00000E+00 0.0000  0.00000E+00 0.0000  0.00000E+00 0.0000
  0.00000E+00 0.0000  0.00000E+00 0.0000  0.00000E+00 0.0000  0.00000E+00 0.0000
  0.00000E+00 0.0000  0.00000E+00 0.0000  0.00000E+00 0.0000  0.00000E+00 0.0000
  0.00000E+00 0.0000  0.00000E+00 0.0000  0.00000E+00 0.0000  0.00000E+00 0.0000
  0.00000E+00 0.0000  0.00000E+00 0.0000  0.00000E+00 0.0000  0.00000E+00 0.0000
  0.00000E+00 0.0000  0.00000E+00 0.0000  0.00000E+00 0.0000  0.00000E+00 0.0000
  0.00000E+00 0.0000  0.00000E+00 0.0000  0.00000E+00 0.0000  0.00000E+00 0.0000
  0.00000E+00 0.0000  0.00000E+00 0.0000  0.00000E+00 0.0000  0.00000E+00 0.0000
  0.00000E+00 0.0000  0.00000E+00 0.0000  0.00000E+00 0.0000  0.00000E+00 0.0000
  0.00000E+00 0.0000  0.00000E+00 0.0000  0.00000E+00 0.0000  0.00000E+00 0.0000
  0.00000E+00 0.0000  0.00000E+00 0.0000  0.00000E+00 0.0000  0.00000E+00 0.0000
  0.00000E+00 0.0000  0.00000E+00 0.0000  0.00000E+00 0.0000  0.00000E+00 0.0000
  0.00000E+00 0.0000  0.00000E+00 0.0000  0.00000E+00 0.0000  0.00000E+00 0.0000
  0.00000E+00 0.0000  2.88015E-07 0.9220  0.00000E+00 0.0000  4.70137E-07 1.0000
  0.00000E+00 0.0000  0.00000E+00 0.0000  0.00000E+00 0.0000  1.17606E-06 0.7073
  6.44769E-07 0.9929  5.35325E-07 1.0000  2.80828E-07 0.7237  2.37527E-06 0.7977
  1.46263E-06 1.0000  1.85943E-06 0.8850  6.22719E-07 0.8092  9.71518E-06 0.8391
  0.00000E+00 0.0000  0.00000E+00 0.0000  0.00000E+00 0.0000  0.00000E+00 0.0000
  0.00000E+00 0.0000  0.00000E+00 0.0000  0.00000E+00 0.0000  0.00000E+00 0.0000
  0.00000E+00 0.0000  0.00000E+00 0.0000  0.00000E+00 0.0000  0.00000E+00 0.0000
  0.00000E+00 0.0000  0.00000E+00 0.0000  0.00000E+00 0.0000  0.00000E+00 0.0000
  0.00000E+00 0.0000  0.00000E+00 0.0000  0.00000E+00 0.0000  0.00000E+00 0.0000
  0.00000E+00 0.0000  0.00000E+00 0.0000  0.00000E+00 0.0000  0.00000E+00 0.0000
  0.00000E+00 0.0000  0.00000E+00 0.0000  0.00000E+00 0.0000  0.00000E+00 0.0000
  0.00000E+00 0.0000  1.03972E-07 0.5129  7.56566E-09 1.0000  2.37431E-07 1.0000
  0.00000E+00 0.0000  0.00000E+00 0.0000  1.40982E-06 1.0000  1.04729E-06 0.7471
  2.79275E-07 0.7185  4.20824E-07 1.0000  6.66912E-07 0.6206  2.82499E-06 0.7575
  1.00144E-06 0.4928  4.66280E-07 0.5206  8.46580E-06 0.5960  0.00000E+00 0.0000
  0.00000E+00 0.0000  0.00000E+00 0.0000  0.00000E+00 0.0000  0.00000E+00 0.0000
  0.00000E+00 0.0000  0.00000E+00 0.0000  0.00000E+00 0.0000  0.00000E+00 0.0000
  0.00000E+00 0.0000  0.00000E+00 0.0000  0.00000E+00 0.0000  0.00000E+00 0.0000
  0.00000E+00 0.0000  0.00000E+00 0.0000  0.00000E+00 0.0000  0.00000E+00 0.0000
  0.00000E+00 0.0000  0.00000E+00 0.0000  0.00000E+00 0.0000  0.00000E+00 0.0000
  0.00000E+00 0.0000  0.00000E+00 0.0000  0.00000E+00 0.0000  0.00000E+00 0.0000
  0.00000E+00 0.0000  0.00000E+00 0.0000  0.00000E+00 0.0000  0.00000E+00 0.0000
  0.00000E+00 0.0000  7.59779E-07 0.4570  0.00000E+00 0.0000  0.00000E+00 0.0000
  0.00000E+00 0.0000  8.38645E-07 0.7535  1.02810E-06 0.5864  2.18229E-08 1.0000
  1.78044E-06 0.5786  2.23050E-06 0.5644  2.52931E-06 0.6979  7.37037E-07 0.5371
  3.96642E-07 0.5315  1.03223E-05 0.4964  0.00000E+00 0.0000  0.00000E+00 0.0000
  0.00000E+00 0.0000  0.00000E+00 0.0000  0.00000E+00 0.0000  0.00000E+00 0.0000
  0.00000E+00 0.0000  0.00000E+00 0.0000  0.00000E+00 0.0000  0.00000E+00 0.0000
  0.00000E+00 0.0000  0.00000E+00 0.0000  0.00000E+00 0.0000  0.00000E+00 0.0000
  0.00000E+00 0.0000  0.00000E+00 0.0000  0.00000E+00 0.0000  0.00000E+00 0.0000
  0.00000E+00 0.0000  0.00000E+00 0.0000  0.00000E+00 0.0000  0.00000E+00 0.0000
  0.00000E+00 0.0000  0.00000E+00 0.0000  0.00000E+00 0.0000  0.00000E+00 0.0000
  0.00000E+00 0.0000  0.00000E+00 0.0000  0.00000E+00 0.0000  0.00000E+00 0.0000
  0.00000E+00 0.0000  4.44852E-07 0.7071  0.00000E+00 0.0000  6.06867E-08 1.0000
  5.67865E-07 0.7716  9.17281E-07 1.0000  0.00000E+00 0.0000  2.55346E-07 1.0000
  1.55516E-07 0.8043  1.77839E-06 0.7646  3.07916E-07 0.7848  2.83954E-07 0.7784
  4.77181E-06 0.6138  0.00000E+00 0.0000  0.00000E+00 0.0000  0.00000E+00 0.0000
  0.00000E+00 0.0000  0.00000E+00 0.0000  0.00000E+00 0.0000  0.00000E+00 0.0000
  0.00000E+00 0.0000  0.00000E+00 0.0000  0.00000E+00 0.0000  0.00000E+00 0.0000
  0.00000E+00 0.0000  0.00000E+00 0.0000  0.00000E+00 0.0000  0.00000E+00 0.0000
  0.00000E+00 0.0000  0.00000E+00 0.0000  0.00000E+00 0.0000  0.00000E+00 0.0000
  0.00000E+00 0.0000  0.00000E+00 0.0000  0.00000E+00 0.0000  0.00000E+00 0.0000
  0.00000E+00 0.0000  0.00000E+00 0.0000  0.00000E+00 0.0000  0.00000E+00 0.0000
  0.00000E+00 0.0000  0.00000E+00 0.0000  0.00000E+00 0.0000  0.00000E+00 0.0000
  0.00000E+00 0.0000  8.02119E-07 0.8486  8.89352E-08 1.0000  1.60783E-07 1.0000
  3.45347E-07 1.0000  0.00000E+00 0.0000  0.00000E+00 0.0000  1.12688E-06 0.5090
  8.51758E-07 1.0000  1.40215E-06 1.0000  3.05145E-07 0.7331  5.08311E-06 0.7596
  0.00000E+00 0.0000  0.00000E+00 0.0000  0.00000E+00 0.0000  0.00000E+00 0.0000
  0.00000E+00 0.0000  0.00000E+00 0.0000  0.00000E+00 0.0000  0.00000E+00 0.0000
  0.00000E+00 0.0000  0.00000E+00 0.0000  0.00000E+00 0.0000  0.00000E+00 0.0000
  0.00000E+00 0.0000  0.00000E+00 0.0000  0.00000E+00 0.0000  0.00000E+00 0.0000
  0.00000E+00 0.0000  0.00000E+00 0.0000  0.00000E+00 0.0000  0.00000E+00 0.0000
  0.00000E+00 0.0000  0.00000E+00 0.0000  0.00000E+00 0.0000  0.00000E+00 0.0000
  0.00000E+00 0.0000  0.00000E+00 0.0000  0.00000E+00 0.0000  0.00000E+00 0.0000
  0.00000E+00 0.0000  0.00000E+00 0.0000  0.00000E+00 0.0000  0.00000E+00 0.0000
  0.00000E+00 0.0000  1.00991E-06 0.7824  0.00000E+00 0.0000  0.00000E+00 0.0000
  0.00000E+00 0.0000  0.00000E+00 0.0000  7.27231E-07 0.6427  0.00000E+00 0.0000
  1.13900E-07 1.0000  3.32855E-07 0.6534  2.18390E-06 0.7075  0.00000E+00 0.0000
  0.00000E+00 0.0000  0.00000E+00 0.0000  0.00000E+00 0.0000  0.00000E+00 0.0000
  0.00000E+00 0.0000  0.00000E+00 0.0000  0.00000E+00 0.0000  0.00000E+00 0.0000
  0.00000E+00 0.0000  0.00000E+00 0.0000  0.00000E+00 0.0000  0.00000E+00 0.0000
  0.00000E+00 0.0000  0.00000E+00 0.0000  0.00000E+00 0.0000  0.00000E+00 0.0000
  0.00000E+00 0.0000  0.00000E+00 0.0000  0.00000E+00 0.0000  0.00000E+00 0.0000
  0.00000E+00 0.0000  0.00000E+00 0.0000  0.00000E+00 0.0000  0.00000E+00 0.0000
  0.00000E+00 0.0000  0.00000E+00 0.0000  0.00000E+00 0.0000  0.00000E+00 0.0000
  0.00000E+00 0.0000  0.00000E+00 0.0000  0.00000E+00 0.0000  0.00000E+00 0.0000
  0.00000E+00 0.0000  1.28385E-06 0.6895  0.00000E+00 0.0000  0.00000E+00 0.0000
  0.00000E+00 0.0000  2.58601E-07 1.0000  0.00000E+00 0.0000  0.00000E+00 0.0000
  3.68911E-07 0.5447  1.91136E-06 0.5904  0.00000E+00 0.0000  0.00000E+00 0.0000
  0.00000E+00 0.0000  0.00000E+00 0.0000  0.00000E+00 0.0000  0.00000E+00 0.0000
  0.00000E+00 0.0000  0.00000E+00 0.0000  0.00000E+00 0.0000  0.00000E+00 0.0000
  0.00000E+00 0.0000  0.00000E+00 0.0000  0.00000E+00 0.0000  0.00000E+00 0.0000
  0.00000E+00 0.0000  0.00000E+00 0.0000  0.00000E+00 0.0000  0.00000E+00 0.0000
  0.00000E+00 0.0000  0.00000E+00 0.0000  0.00000E+00 0.0000  0.00000E+00 0.0000
  0.00000E+00 0.0000  0.00000E+00 0.0000  0.00000E+00 0.0000  0.00000E+00 0.0000
  0.00000E+00 0.0000  0.00000E+00 0.0000  0.00000E+00 0.0000  0.00000E+00 0.0000
  0.00000E+00 0.0000  0.00000E+00 0.0000  0.00000E+00 0.0000  0.00000E+00 0.0000
  0.00000E+00 0.0000  3.19043E-07 0.4711  6.05655E-07 0.7243  2.90473E-07 1.0000
  1.35430E-07 0.7146  0.00000E+00 0.0000  1.49363E-07 1.0000  3.24080E-08 1.0000
  1.53237E-06 0.4886  0.00000E+00 0.0000  0.00000E+00 0.0000  0.00000E+00 0.0000
  0.00000E+00 0.0000  0.00000E+00 0.0000  0.00000E+00 0.0000  0.00000E+00 0.0000
  0.00000E+00 0.0000  0.00000E+00 0.0000  0.00000E+00 0.0000  0.00000E+00 0.0000
  0.00000E+00 0.0000  0.00000E+00 0.0000  0.00000E+00 0.0000  0.00000E+00 0.0000
  0.00000E+00 0.0000  0.00000E+00 0.0000  0.00000E+00 0.0000  0.00000E+00 0.0000
  0.00000E+00 0.0000  0.00000E+00 0.0000  0.00000E+00 0.0000  0.00000E+00 0.0000
  0.00000E+00 0.0000  0.00000E+00 0.0000  0.00000E+00 0.0000  0.00000E+00 0.0000
  0.00000E+00 0.0000  0.00000E+00 0.0000  0.00000E+00 0.0000  0.00000E+00 0.0000
  0.00000E+00 0.0000  0.00000E+00 0.0000  0.00000E+00 0.0000  0.00000E+00 0.0000
  0.00000E+00 0.0000  3.12760E-07 0.7285  0.00000E+00 0.0000  0.00000E+00 0.0000
  9.52132E-08 1.0000  0.00000E+00 0.0000  2.09665E-08 1.0000  4.28939E-07 0.7501
  0.00000E+00 0.0000  0.00000E+00 0.0000  0.00000E+00 0.0000  0.00000E+00 0.0000
  0.00000E+00 0.0000  0.00000E+00 0.0000  0.00000E+00 0.0000  0.00000E+00 0.0000
  0.00000E+00 0.0000  0.00000E+00 0.0000  0.00000E+00 0.0000  0.00000E+00 0.0000
  0.00000E+00 0.0000  0.00000E+00 0.0000  0.00000E+00 0.0000  0.00000E+00 0.0000
  0.00000E+00 0.0000  0.00000E+00 0.0000  0.00000E+00 0.0000  0.00000E+00 0.0000
  0.00000E+00 0.0000  0.00000E+00 0.0000  0.00000E+00 0.0000  0.00000E+00 0.0000
  0.00000E+00 0.0000  0.00000E+00 0.0000  0.00000E+00 0.0000  0.00000E+00 0.0000
  0.00000E+00 0.0000  0.00000E+00 0.0000  0.00000E+00 0.0000  0.00000E+00 0.0000
  0.00000E+00 0.0000  0.00000E+00 0.0000  0.00000E+00 0.0000  0.00000E+00 0.0000
  0.00000E+00 0.0000  3.05705E-07 0.5899  0.00000E+00 0.0000  4.89639E-07 1.0000
  2.48066E-08 1.0000  3.12105E-08 0.7114  8.51362E-07 0.7427  0.00000E+00 0.0000
  0.00000E+00 0.0000  0.00000E+00 0.0000  0.00000E+00 0.0000  0.00000E+00 0.0000
  0.00000E+00 0.0000  0.00000E+00 0.0000  0.00000E+00 0.0000  0.00000E+00 0.0000
  0.00000E+00 0.0000  0.00000E+00 0.0000  0.00000E+00 0.0000  0.00000E+00 0.0000
  0.00000E+00 0.0000  0.00000E+00 0.0000  0.00000E+00 0.0000  0.00000E+00 0.0000
  0.00000E+00 0.0000  0.00000E+00 0.0000  0.00000E+00 0.0000  0.00000E+00 0.0000
  0.00000E+00 0.0000  0.00000E+00 0.0000  0.00000E+00 0.0000  0.00000E+00 0.0000
  0.00000E+00 0.0000  0.00000E+00 0.0000  0.00000E+00 0.0000  0.00000E+00 0.0000
  0.00000E+00 0.0000  0.00000E+00 0.0000  0.00000E+00 0.0000  0.00000E+00 0.0000
  0.00000E+00 0.0000  0.00000E+00 0.0000  0.00000E+00 0.0000  0.00000E+00 0.0000
  0.00000E+00 0.0000  1.06737E-06 0.3675  0.00000E+00 0.0000  5.56519E-09 1.0000
  5.49669E-08 0.7114  1.12791E-06 0.3674  0.00000E+00 0.0000  0.00000E+00 0.0000
  0.00000E+00 0.0000  0.00000E+00 0.0000  0.00000E+00 0.0000  0.00000E+00 0.0000
  0.00000E+00 0.0000  0.00000E+00 0.0000  0.00000E+00 0.0000  0.00000E+00 0.0000
  0.00000E+00 0.0000  0.00000E+00 0.0000  0.00000E+00 0.0000  0.00000E+00 0.0000
  0.00000E+00 0.0000  0.00000E+00 0.0000  0.00000E+00 0.0000  0.00000E+00 0.0000
  0.00000E+00 0.0000  0.00000E+00 0.0000  0.00000E+00 0.0000  0.00000E+00 0.0000
  0.00000E+00 0.0000  0.00000E+00 0.0000  0.00000E+00 0.0000  0.00000E+00 0.0000
  0.00000E+00 0.0000  0.00000E+00 0.0000  0.00000E+00 0.0000  0.00000E+00 0.0000
  0.00000E+00 0.0000  0.00000E+00 0.0000  0.00000E+00 0.0000  0.00000E+00 0.0000
  0.00000E+00 0.0000  0.00000E+00 0.0000  0.00000E+00 0.0000  0.00000E+00 0.0000
  0.00000E+00 0.0000  3.41957E-06 0.3944  4.49542E-09 1.0000  3.79201E-08 0.7985
  3.46198E-06 0.3917  0.00000E+00 0.0000  0.00000E+00 0.0000  0.00000E+00 0.0000
  0.00000E+00 0.0000  0.00000E+00 0.0000  0.00000E+00 0.0000  0.00000E+00 0.0000
  0.00000E+00 0.0000  0.00000E+00 0.0000  0.00000E+00 0.0000  0.00000E+00 0.0000
  0.00000E+00 0.0000  0.00000E+00 0.0000  0.00000E+00 0.0000  0.00000E+00 0.0000
  0.00000E+00 0.0000  0.00000E+00 0.0000  0.00000E+00 0.0000  0.00000E+00 0.0000
  0.00000E+00 0.0000  0.00000E+00 0.0000  0.00000E+00 0.0000  0.00000E+00 0.0000
  0.00000E+00 0.0000  0.00000E+00 0.0000  0.00000E+00 0.0000  0.00000E+00 0.0000
  0.00000E+00 0.0000  0.00000E+00 0.0000  0.00000E+00 0.0000  0.00000E+00 0.0000
  0.00000E+00 0.0000  0.00000E+00 0.0000  0.00000E+00 0.0000  0.00000E+00 0.0000
  0.00000E+00 0.0000  0.00000E+00 0.0000  0.00000E+00 0.0000  0.00000E+00 0.0000
  0.00000E+00 0.0000  1.18094E-06 0.3630  1.69981E-08 1.0000  1.19794E-06 0.3582
  0.00000E+00 0.0000  0.00000E+00 0.0000  0.00000E+00 0.0000  0.00000E+00 0.0000
  0.00000E+00 0.0000  0.00000E+00 0.0000  0.00000E+00 0.0000  0.00000E+00 0.0000
  0.00000E+00 0.0000  0.00000E+00 0.0000  0.00000E+00 0.0000  0.00000E+00 0.0000
  0.00000E+00 0.0000  0.00000E+00 0.0000  0.00000E+00 0.0000  0.00000E+00 0.0000
  0.00000E+00 0.0000  0.00000E+00 0.0000  0.00000E+00 0.0000  0.00000E+00 0.0000
  0.00000E+00 0.0000  0.00000E+00 0.0000  0.00000E+00 0.0000  0.00000E+00 0.0000
  0.00000E+00 0.0000  0.00000E+00 0.0000  0.00000E+00 0.0000  0.00000E+00 0.0000
  0.00000E+00 0.0000  0.00000E+00 0.0000  0.00000E+00 0.0000  0.00000E+00 0.0000
  0.00000E+00 0.0000  0.00000E+00 0.0000  0.00000E+00 0.0000  0.00000E+00 0.0000
  0.00000E+00 0.0000  0.00000E+00 0.0000  0.00000E+00 0.0000  0.00000E+00 0.0000
  0.00000E+00 0.0000  5.41921E-07 0.3538  5.41921E-07 0.3538  0.00000E+00 0.0000
  0.00000E+00 0.0000  0.00000E+00 0.0000  0.00000E+00 0.0000  0.00000E+00 0.0000
  0.00000E+00 0.0000  0.00000E+00 0.0000  0.00000E+00 0.0000  0.00000E+00 0.0000
  0.00000E+00 0.0000  0.00000E+00 0.0000  0.00000E+00 0.0000  0.00000E+00 0.0000
  0.00000E+00 0.0000  0.00000E+00 0.0000  0.00000E+00 0.0000  0.00000E+00 0.0000
  0.00000E+00 0.0000  0.00000E+00 0.0000  0.00000E+00 0.0000  0.00000E+00 0.0000
  0.00000E+00 0.0000  0.00000E+00 0.0000  0.00000E+00 0.0000  0.00000E+00 0.0000
  0.00000E+00 0.0000  0.00000E+00 0.0000  0.00000E+00 0.0000  2.88015E-07 0.9220
  1.03972E-07 0.5129  1.23748E-06 0.4723  6.82283E-07 0.5776  1.23104E-06 0.6535
  1.15953E-06 0.6877  5.43702E-06 0.3715  4.30183E-06 0.3577  2.21572E-06 0.3918
  3.33362E-06 0.3627  8.85462E-06 0.2801  1.39401E-05 0.2751  8.45097E-06 0.3372
  3.60353E-06 0.2134  5.48398E-05 0.2274
tfc   10       1       1      42       1       1       1      43       1
       2500  4.66887E-05  8.15532E-01
       5000  4.47295E-05  4.56771E-01
       7500  4.98904E-05  3.85237E-01
      10000  4.49413E-05  3.30433E-01
      12500  4.55110E-05  2.85622E-01
      15000  3.92713E-05  2.76951E-01
      17500  4.71300E-05  3.15706E-01
      20000  4.66840E-05  2.83973E-01
      22500  4.91288E-05  2.53195E-01
      25000  5.48398E-05  2.27364E-01
tally   14    1    0
f        1
      8
d        1
u        0
s        0
m        0
c        0
e        0
t        0
vals
  1.86756E-15 0.0572
tfc   10       1       1       1       1       1       1       1       1
       2500  1.75772E-15  1.74882E-01
       5000  1.74020E-15  1.31533E-01
       7500  1.86071E-15  9.99295E-02
      10000  2.00571E-15  8.84955E-02
      12500  2.04790E-15  7.77458E-02
      15000  1.99960E-15  7.13746E-02
      17500  1.98837E-15  6.74813E-02
      20000  1.93117E-15  6.33497E-02
      22500  1.87719E-15  6.01545E-02
      25000  1.86756E-15  5.72226E-02
