title - 3x3x3 plutonium array
c ################
m3  7014. -0.78 8016. -0.21 18000. -0.01
m1  24000. -.002 29000. -.0025 26000. -.007 12000. -.010 25055. -.0015
     14000. -.006 22000. -.0015 13027. -.9670
m2  6012. -.0008 25055. -.0037 15031. -.00015 14000. -.0001 16032.
     -.00025 50000. -.0030 26000. -.992
m5  29000. -.0025 26000. -.007 12000. -.0105 25055. -.0125  14000. -.003
     13027. -.9630
m4  24000. -.001 29000. -.0025 26000. -.007 12000. -.01025 25055. -.007
     14000. -.0045 22000. -.00075 13027. -.9645
m7  94239. -.9356
     94240. -.0597
     94241. -.0046
     94242. -.0001
m6  6012. -.0003 25055. -.005 15031. -.00005 14000. -.0033 16032.
     -.00009 50000. -.0011 26000. -.3554 24000. -.0007 29000. -.028
     12000. -.0097 13027. -.5945032
kcode 3000 1.0 60 150
ksrc 0 -9 14
c lost 10000
prdmp 2j -1
dagmc 

