                                       2       33668          33668
 testprob33 -- Test SSR option with distribution of transformations             
ntal     2
    1    4
tally    1    1    0
f        7
     13     14     15     16     17     18      0
d        1
u        0
s        0
m        0
c        2
  0.00000E+00  1.00000E+00
e        0
t        0
vals
  1.68165E-01 0.0089  0.00000E+00 0.0000  3.36930E-01 0.0089  0.00000E+00 0.0000
  5.05170E-01 0.0089  0.00000E+00 0.0000  0.00000E+00 0.0000  1.68165E-01 0.0089
  0.00000E+00 0.0000  3.36930E-01 0.0089  0.00000E+00 0.0000  5.05170E-01 0.0089
  1.01027E+00 0.0050  1.01027E+00 0.0050
tfc    4       1       1       1       1       1       2       1       1
      10000  0.00000E+00  0.00000E+00
      20000  0.00000E+00  0.00000E+00
      30000  0.00000E+00  0.00000E+00
      33668  0.00000E+00  0.00000E+00
tally    4    1    0
f        1
      5
d        1
u        0
s        0
m        0
c        0
e        0
t        0
vals
  3.61908E-15 0.0126
tfc    4       1       1       1       1       1       1       1       1
      10000  3.63161E-15  2.30717E-02
      20000  3.65562E-15  1.62673E-02
      30000  3.62608E-15  1.32989E-02
      33668  3.61908E-15  1.25518E-02
