                                       2      100000         243789
 thermal neutron beam grazing a water cylinder                                  
ntal     3
   11   12   14
tally   11    1    0
f        2
      1      1
d        1
u        0
s        0
m        0
c        0
e        0
t        0
vals
  1.99903E+00 0.0000  1.99903E+00 0.0000
tfc   13       1       1       1       1       1       1       1       1
       8000  1.99921E+00  0.00000E+00
      16000  1.99911E+00  0.00000E+00
      24000  1.99904E+00  0.00000E+00
      32000  1.99902E+00  0.00000E+00
      40000  1.99903E+00  0.00000E+00
      48000  1.99905E+00  0.00000E+00
      56000  1.99905E+00  0.00000E+00
      64000  1.99905E+00  0.00000E+00
      72000  1.99907E+00  0.00000E+00
      80000  1.99906E+00  0.00000E+00
      88000  1.99904E+00  0.00000E+00
      96000  1.99903E+00  0.00000E+00
     100000  1.99903E+00  0.00000E+00
tally   12    1    0
f        2
      1      1
d        1
u        0
s        0
m        0
c        0
e        0
t        0
vals
  1.25781E+00 0.0002  1.25781E+00 0.0002
tfc   13       1       1       1       1       1       1       1       1
       8000  1.25919E+00  7.84631E-04
      16000  1.25931E+00  5.52589E-04
      24000  1.25837E+00  4.65480E-04
      32000  1.25819E+00  4.05255E-04
      40000  1.25814E+00  3.62752E-04
      48000  1.25819E+00  3.30264E-04
      56000  1.25801E+00  3.07754E-04
      64000  1.25805E+00  2.87519E-04
      72000  1.25789E+00  2.72548E-04
      80000  1.25787E+00  2.58843E-04
      88000  1.25774E+00  2.47843E-04
      96000  1.25781E+00  2.36835E-04
     100000  1.25781E+00  2.32011E-04
tally   14    1    0
f        2
      1      1
d        1
u        0
s        0
m        0
c        0
e        0
t        0
vals
  2.35388E-03 0.0215  2.35388E-03 0.0215
tfc   13       1       1       1       1       1       1       1       1
       8000  2.39355E-03  7.41331E-02
      16000  2.32996E-03  5.41668E-02
      24000  2.39202E-03  4.41035E-02
      32000  2.37870E-03  3.77948E-02
      40000  2.37128E-03  3.39297E-02
      48000  2.35907E-03  3.08944E-02
      56000  2.35561E-03  2.85452E-02
      64000  2.34811E-03  2.67266E-02
      72000  2.34403E-03  2.49644E-02
      80000  2.35236E-03  2.38373E-02
      88000  2.38654E-03  2.28616E-02
      96000  2.36396E-03  2.18688E-02
     100000  2.35388E-03  2.14768E-02
