                                       9        5000         407657
 testprob02 -- three different tallies of the same physical quantity.           
ntal     4 npert     1
    1    2    4    5
tally    1    1    0
f        1
     13
d        1
u        0
s        0
m        0
ct      11
 -8.00000E-01 -6.00000E-01 -4.00000E-01 -2.00000E-01  0.00000E+00  2.00000E-01
  4.00000E-01  6.00000E-01  8.00000E-01  1.00000E+00
et       6
  1.00000E-02  3.00000E-02  1.00000E-01  3.00000E-01  1.00000E+00
t        0
vals
  3.11478E-02 0.0782  9.31017E-04 0.4493  1.95744E-03 0.3118  8.91314E-03 0.1475
  2.84320E-02 0.0825  7.13813E-02 0.0516  3.08677E-02 0.0784  4.67671E-04 0.5842
  8.55117E-04 0.4545  8.02913E-03 0.1587  2.71294E-02 0.0835  6.73490E-02 0.0529
  3.34252E-02 0.0754  8.39663E-04 0.5025  1.52033E-03 0.3602  6.34600E-03 0.1708
  2.80756E-02 0.0822  7.02068E-02 0.0518  2.66790E-02 0.0864  5.50298E-04 0.5836
  3.72705E-03 0.2276  6.38916E-03 0.1724  2.94348E-02 0.0804  6.67803E-02 0.0535
  2.96760E-02 0.0822  1.62676E-03 0.3471  2.50609E-03 0.2775  7.11558E-03 0.1639
  2.80520E-02 0.0835  6.89765E-02 0.0533  2.41018E-02 0.0873  9.25346E-04 0.4525
  1.82979E-03 0.3180  7.13377E-03 0.1638  2.76560E-02 0.0841  6.16467E-02 0.0555
  3.04067E-02 0.0779  5.59588E-04 0.5428  3.62046E-03 0.2396  7.92989E-03 0.1562
  2.83243E-02 0.0833  7.08410E-02 0.0517  3.06060E-02 0.0792  9.70083E-04 0.4503
  1.77944E-03 0.3250  6.30446E-03 0.1699  2.41977E-02 0.0873  6.38577E-02 0.0554
  2.79783E-02 0.0817  5.59495E-04 0.6290  2.48483E-03 0.2797  8.14730E-03 0.1528
  2.47181E-02 0.0868  6.38881E-02 0.0541  3.12084E-02 0.0784  1.43573E-04 0.9999
  2.46153E-03 0.2856  7.13571E-03 0.1602  2.29448E-02 0.0907  6.38940E-02 0.0552
  2.96097E-01 0.0247  7.57350E-03 0.1586  2.27421E-02 0.0916  7.34441E-02 0.0502
  2.68965E-01 0.0255  6.68821E-01 0.0154
tfc    5       1       1       1       1       1       1       1       1
       1000  3.35292E-02  1.69408E-01
       2000  3.19643E-02  1.20736E-01
       3000  3.06036E-02  1.01286E-01
       4000  3.05403E-02  8.79143E-02
       5000  3.11478E-02  7.81989E-02
vals pert     1
 -8.30436E-04 0.4991  5.04920E-06 1.0000 -6.70859E-05 1.0000 -7.02667E-04 0.3892
 -9.39644E-04 0.4626 -2.53478E-03 0.2723 -2.14954E-04 1.0000 -2.06013E-05 1.0000
  1.23997E-04 0.9850 -3.51227E-04 0.7137 -4.74629E-05 1.0000 -5.10248E-04 1.0000
 -7.26242E-04 0.6631 -2.56423E-05 1.0000 -9.22409E-05 1.0000  4.13280E-04 0.5310
 -3.83191E-04 1.0000 -8.14036E-04 0.8574 -5.99563E-04 0.6659 -2.58199E-05 1.0000
  8.99691E-05 1.0000 -3.87125E-04 0.6500 -8.84253E-04 0.5080 -1.80679E-03 0.3731
 -1.19654E-03 0.3458  1.93472E-05 1.0000  2.66574E-05 1.0000 -8.33552E-05 1.0000
 -6.68695E-04 0.6211 -1.90258E-03 0.3586 -4.35453E-04 0.9415  7.90272E-06 1.0000
  1.07737E-05 1.0000 -2.05310E-04 1.0000 -9.92144E-04 0.3586 -1.61423E-03 0.3828
 -2.56100E-04 1.0000  3.64387E-06 1.0000 -1.81720E-04 0.8245 -4.52312E-04 0.5055
 -8.11151E-04 0.4117 -1.69764E-03 0.3610 -1.65492E-03 0.2901 -3.35379E-05 1.0000
 -1.20621E-04 1.0000 -2.33421E-04 0.9536 -1.37203E-04 1.0000 -2.17970E-03 0.3221
 -6.85891E-04 0.5857 -2.05336E-05 1.0000 -6.93187E-05 1.0000 -1.34718E-04 1.0000
 -1.44339E-03 0.2847 -2.35385E-03 0.2804 -4.40903E-04 1.0000  3.74721E-05 0.9999
 -5.09723E-05 1.0000 -3.13633E-04 0.6744 -1.75554E-04 1.0000 -9.43591E-04 0.6910
 -7.04100E-03 0.2188 -5.27199E-05 1.0000 -3.30561E-04 1.0000 -2.45049E-03 0.3294
 -6.48269E-03 0.2085 -1.63575E-02 0.1564
tfc    5       1       1       1       1       1       1       1       1
       1000 -2.67439E-03  4.07749E-01
       2000 -9.53579E-04  7.56945E-01
       3000 -7.19227E-04  7.91841E-01
       4000 -8.12511E-04  5.88024E-01
       5000 -8.30436E-04  4.99079E-01
tally    2    1    0
     average flux on surface 14.                                                
f        1
     14
d        1
u        0
s        0
m        0
c        0
et       6
  1.00000E-02  3.00000E-02  1.00000E-01  3.00000E-01  1.00000E+00
tt      14
 -2.00000E+00 -1.50000E+00 -1.00000E+00 -5.00000E-01  0.00000E+00  5.00000E-01
  1.00000E+00  1.50000E+00  2.00000E+00  2.50000E+00  3.00000E+00  1.00000E+01
  1.00000E+02
vals
  0.00000E+00 0.0000  0.00000E+00 0.0000  0.00000E+00 0.0000  0.00000E+00 0.0000
  0.00000E+00 0.0000  0.00000E+00 0.0000  0.00000E+00 0.0000  0.00000E+00 0.0000
  0.00000E+00 0.0000  0.00000E+00 0.0000  0.00000E+00 0.0000  1.26192E-07 0.9999
  0.00000E+00 0.0000  1.26192E-07 0.9999  0.00000E+00 0.0000  0.00000E+00 0.0000
  0.00000E+00 0.0000  0.00000E+00 0.0000  0.00000E+00 0.0000  0.00000E+00 0.0000
  0.00000E+00 0.0000  0.00000E+00 0.0000  0.00000E+00 0.0000  0.00000E+00 0.0000
  0.00000E+00 0.0000  3.68880E-06 0.2796  6.15942E-07 0.6146  4.30474E-06 0.2589
  0.00000E+00 0.0000  0.00000E+00 0.0000  0.00000E+00 0.0000  2.51393E-07 0.8450
  3.47006E-07 0.7246  3.47006E-07 0.7246  4.76473E-07 0.6848  6.01322E-07 0.3255
  1.04718E-06 0.2503  1.62973E-06 0.1966  2.55115E-06 0.1794  2.73499E-05 0.1963
  9.78848E-07 0.4807  3.55800E-05 0.1685  0.00000E+00 0.0000  0.00000E+00 0.0000
  2.85568E-07 0.5560  1.68181E-06 0.2059  5.88833E-06 0.1202  1.21005E-05 0.0905
  2.01731E-05 0.0989  2.48621E-05 0.0937  2.99494E-05 0.1315  2.78568E-05 0.1500
  2.30990E-05 0.1866  5.34403E-05 0.2208  0.00000E+00 0.0000  1.99337E-04 0.1163
  0.00000E+00 0.0000  7.44842E-05 0.0258  3.67945E-04 0.0177  5.16020E-04 0.0192
  5.86523E-04 0.0204  5.68475E-04 0.0233  2.88514E-04 0.0403  1.31161E-04 0.0675
  5.91586E-05 0.0870  2.22077E-05 0.1080  9.47049E-06 0.1601  5.39176E-06 0.2373
  0.00000E+00 0.0000  2.62935E-03 0.0219  0.00000E+00 0.0000  7.44842E-05 0.0258
  3.68231E-04 0.0177  5.17953E-04 0.0191  5.92758E-04 0.0201  5.80922E-04 0.0227
  3.09164E-04 0.0380  1.56625E-04 0.0583  9.01553E-05 0.0718  5.16942E-05 0.0938
  3.51206E-05 0.1316  8.99970E-05 0.1484  1.59479E-06 0.4700  2.86870E-03 0.0216
tfc    5       1       1       1       1       1       1       6      14
       1000  2.92937E-03  4.39873E-02
       2000  2.88183E-03  3.48772E-02
       3000  2.83095E-03  2.82492E-02
       4000  2.83102E-03  2.38489E-02
       5000  2.86870E-03  2.15787E-02
vals pert     1
  0.00000E+00 0.0000  0.00000E+00 0.0000  0.00000E+00 0.0000  0.00000E+00 0.0000
  0.00000E+00 0.0000  0.00000E+00 0.0000  0.00000E+00 0.0000  0.00000E+00 0.0000
  0.00000E+00 0.0000  0.00000E+00 0.0000  0.00000E+00 0.0000 -9.83019E-08 0.9999
  0.00000E+00 0.0000 -9.83019E-08 0.9999  0.00000E+00 0.0000  0.00000E+00 0.0000
  0.00000E+00 0.0000  0.00000E+00 0.0000  0.00000E+00 0.0000  0.00000E+00 0.0000
  0.00000E+00 0.0000  0.00000E+00 0.0000  0.00000E+00 0.0000  0.00000E+00 0.0000
  0.00000E+00 0.0000 -5.43410E-07 0.8759 -2.12196E-07 0.6624 -7.55606E-07 0.6588
  0.00000E+00 0.0000  0.00000E+00 0.0000  0.00000E+00 0.0000 -8.40755E-09 0.7095
 -1.65735E-08 0.7717 -1.65735E-08 0.7717  1.46964E-08 1.0000  1.19987E-07 0.6028
 -3.09155E-09 1.0000 -2.84297E-08 1.0000 -1.13001E-07 1.0000 -2.69403E-07 1.0000
 -7.73839E-08 1.0000 -3.98181E-07 1.0000  0.00000E+00 0.0000  0.00000E+00 0.0000
  4.12178E-12 1.0000 -3.86978E-08 1.0000 -1.58702E-07 1.0000 -5.26098E-07 0.6686
 -1.93579E-06 0.4386 -2.86837E-06 0.3458 -3.65209E-06 0.3229 -3.29740E-06 0.3823
 -1.76153E-06 0.7085 -2.47436E-06 1.0000  0.00000E+00 0.0000 -1.67130E-05 0.4272
  0.00000E+00 0.0000 -4.22069E-07 0.2782 -2.71539E-06 0.2975 -5.70194E-06 0.2423
 -6.05177E-06 0.3072 -6.44270E-06 0.3452 -4.80631E-06 0.4237 -1.99488E-06 0.8395
 -1.46430E-06 0.6985 -9.39587E-07 0.6072 -3.21375E-07 1.0000 -4.46194E-08 1.0000
  0.00000E+00 0.0000 -3.09049E-05 0.3159  0.00000E+00 0.0000 -4.22069E-07 0.2782
 -2.71539E-06 0.2977 -5.74905E-06 0.2413 -6.22705E-06 0.3015 -6.98537E-06 0.3232
 -6.72740E-06 0.3295 -4.74327E-06 0.4146 -5.11949E-06 0.3096 -4.26542E-06 0.3297
 -2.19590E-06 0.6149 -3.43009E-06 1.0000 -2.89580E-07 0.9010 -4.88701E-05 0.2665
tfc    5       1       1       1       1       1       1       6      14
       1000 -2.44573E-05  9.78834E-01
       2000 -3.11855E-05  6.43416E-01
       3000 -3.65211E-05  4.32054E-01
       4000 -4.52622E-05  2.91535E-01
       5000 -4.88701E-05  2.66468E-01
tally    4    1    0
     average flux in cell 7.                                                    
f        1
      7
d        1
u        0
s        0
m        0
c        0
et       6
  1.00000E-02  3.00000E-02  1.00000E-01  3.00000E-01  1.00000E+00
t        0
vals
  0.00000E+00 0.0000  8.39682E-07 0.7317  1.53948E-05 0.4923  1.29207E-04 0.3013
  2.99663E-03 0.1461  3.14207E-03 0.1399
tfc    5       1       1       1       1       1       1       6       1
       1000  2.80563E-03  2.61621E-01
       2000  2.63577E-03  1.80200E-01
       3000  2.67180E-03  1.42187E-01
       4000  3.31698E-03  1.60429E-01
       5000  3.14207E-03  1.39950E-01
vals pert     1
  0.00000E+00 0.0000 -5.48469E-08 1.0000 -3.02952E-06 0.9675  4.65353E-06 1.0000
  8.57583E-05 1.0000  8.73275E-05 1.0000
tfc    5       1       1       1       1       1       1       6       1
       1000 -5.22056E-05  6.17650E-01
       2000 -2.80575E-05  7.24706E-01
       3000 -1.34437E-06  1.00000E+00
       4000  9.57694E-05  1.00000E+00
       5000  8.73275E-05  1.00000E+00
tally    5    1    2
     average flux at ring detector.                                             
f        1
d        2
ut      11
s        0
m        0
c        0
et       6
  1.00000E-02  3.00000E-02  1.00000E-01  3.00000E-01  1.00000E+00
t        0
vals
  0.00000E+00 0.0000  0.00000E+00 0.0000  0.00000E+00 0.0000  7.41930E-10 0.9080
  1.05650E-03 0.0307  1.05650E-03 0.0307  0.00000E+00 0.0000  0.00000E+00 0.0000
  6.21635E-07 0.9556  0.00000E+00 0.0000  3.94935E-04 0.0711  3.95557E-04 0.0710
  0.00000E+00 0.0000  0.00000E+00 0.0000  4.76059E-07 0.8071  1.73023E-08 0.9999
  2.68322E-04 0.0685  2.68816E-04 0.0684  0.00000E+00 0.0000  0.00000E+00 0.0000
  5.78893E-07 0.7569  6.61380E-08 0.9999  2.14148E-04 0.1098  2.14793E-04 0.1095
  0.00000E+00 0.0000  0.00000E+00 0.0000  6.66901E-07 0.9985  2.34795E-07 0.4568
  1.91190E-04 0.1365  1.92092E-04 0.1359  0.00000E+00 0.0000  0.00000E+00 0.0000
  1.35064E-06 0.9999  8.12697E-06 0.3288  1.16231E-04 0.0976  1.25709E-04 0.0932
  0.00000E+00 0.0000  0.00000E+00 0.0000  2.41230E-09 0.9868  1.17271E-05 0.1876
  7.01526E-05 0.1315  8.18822E-05 0.1156  0.00000E+00 0.0000  0.00000E+00 0.0000
  1.34640E-07 0.9999  1.66863E-05 0.1751  6.04535E-05 0.2421  7.72745E-05 0.1930
  0.00000E+00 0.0000  0.00000E+00 0.0000  1.24208E-08 0.9999  1.96542E-05 0.1644
  4.96640E-05 0.2251  6.93306E-05 0.1680  0.00000E+00 0.0000  0.00000E+00 0.0000
  1.45267E-08 0.9521  2.47685E-05 0.3740  3.63147E-05 0.3870  6.10977E-05 0.2754
  0.00000E+00 0.0000  0.00000E+00 0.0000  3.85812E-06 0.7398  8.12821E-05 0.1585
  2.45791E-03 0.0331  2.54305E-03 0.0325  0.00000E+00 0.0000  0.00000E+00 0.0000
  0.00000E+00 0.0000  0.00000E+00 0.0000  5.79601E-04 0.0315  5.79601E-04 0.0315
  0.00000E+00 0.0000  0.00000E+00 0.0000  0.00000E+00 0.0000  0.00000E+00 0.0000
  0.00000E+00 0.0000  0.00000E+00 0.0000  0.00000E+00 0.0000  0.00000E+00 0.0000
  0.00000E+00 0.0000  0.00000E+00 0.0000  0.00000E+00 0.0000  0.00000E+00 0.0000
  0.00000E+00 0.0000  0.00000E+00 0.0000  0.00000E+00 0.0000  0.00000E+00 0.0000
  0.00000E+00 0.0000  0.00000E+00 0.0000  0.00000E+00 0.0000  0.00000E+00 0.0000
  0.00000E+00 0.0000  0.00000E+00 0.0000  0.00000E+00 0.0000  0.00000E+00 0.0000
  0.00000E+00 0.0000  0.00000E+00 0.0000  0.00000E+00 0.0000  0.00000E+00 0.0000
  0.00000E+00 0.0000  0.00000E+00 0.0000  0.00000E+00 0.0000  0.00000E+00 0.0000
  0.00000E+00 0.0000  0.00000E+00 0.0000  0.00000E+00 0.0000  0.00000E+00 0.0000
  0.00000E+00 0.0000  0.00000E+00 0.0000  0.00000E+00 0.0000  0.00000E+00 0.0000
  0.00000E+00 0.0000  0.00000E+00 0.0000  0.00000E+00 0.0000  0.00000E+00 0.0000
  0.00000E+00 0.0000  0.00000E+00 0.0000  0.00000E+00 0.0000  0.00000E+00 0.0000
  0.00000E+00 0.0000  0.00000E+00 0.0000  0.00000E+00 0.0000  0.00000E+00 0.0000
  0.00000E+00 0.0000  0.00000E+00 0.0000  0.00000E+00 0.0000  0.00000E+00 0.0000
  0.00000E+00 0.0000  0.00000E+00 0.0000  5.79601E-04 0.0315  5.79601E-04 0.0315
tfc    5       1       1      11       1       1       1       6       1
       1000  2.55395E-03  7.28337E-02
       2000  2.63643E-03  5.69605E-02
       3000  2.58223E-03  4.41809E-02
       4000  2.53605E-03  3.67649E-02
       5000  2.54305E-03  3.25141E-02
vals pert     1
  0.00000E+00 0.0000  0.00000E+00 0.0000  0.00000E+00 0.0000  0.00000E+00 0.0000
  0.00000E+00 0.0000  0.00000E+00 0.0000  0.00000E+00 0.0000  0.00000E+00 0.0000
  0.00000E+00 0.0000  0.00000E+00 0.0000  0.00000E+00 0.0000  0.00000E+00 0.0000
  0.00000E+00 0.0000  0.00000E+00 0.0000  0.00000E+00 0.0000  0.00000E+00 0.0000
  0.00000E+00 0.0000  0.00000E+00 0.0000  0.00000E+00 0.0000  0.00000E+00 0.0000
  0.00000E+00 0.0000  0.00000E+00 0.0000  0.00000E+00 0.0000  0.00000E+00 0.0000
  0.00000E+00 0.0000  0.00000E+00 0.0000  0.00000E+00 0.0000  0.00000E+00 0.0000
  0.00000E+00 0.0000  0.00000E+00 0.0000  0.00000E+00 0.0000  0.00000E+00 0.0000
  0.00000E+00 0.0000  0.00000E+00 0.0000  0.00000E+00 0.0000  0.00000E+00 0.0000
  0.00000E+00 0.0000  0.00000E+00 0.0000  0.00000E+00 0.0000  0.00000E+00 0.0000
  0.00000E+00 0.0000  0.00000E+00 0.0000  0.00000E+00 0.0000  0.00000E+00 0.0000
  0.00000E+00 0.0000  0.00000E+00 0.0000  0.00000E+00 0.0000  0.00000E+00 0.0000
  0.00000E+00 0.0000  0.00000E+00 0.0000  0.00000E+00 0.0000  0.00000E+00 0.0000
  0.00000E+00 0.0000  0.00000E+00 0.0000  0.00000E+00 0.0000  0.00000E+00 0.0000
  0.00000E+00 0.0000  0.00000E+00 0.0000  0.00000E+00 0.0000  0.00000E+00 0.0000
  0.00000E+00 0.0000  0.00000E+00 0.0000  0.00000E+00 0.0000  0.00000E+00 0.0000
  0.00000E+00 0.0000  0.00000E+00 0.0000  0.00000E+00 0.0000  0.00000E+00 0.0000
  0.00000E+00 0.0000  0.00000E+00 0.0000  0.00000E+00 0.0000  0.00000E+00 0.0000
  0.00000E+00 0.0000  0.00000E+00 0.0000  0.00000E+00 0.0000  0.00000E+00 0.0000
  0.00000E+00 0.0000  0.00000E+00 0.0000  0.00000E+00 0.0000  0.00000E+00 0.0000
  0.00000E+00 0.0000  0.00000E+00 0.0000  0.00000E+00 0.0000  0.00000E+00 0.0000
  0.00000E+00 0.0000  0.00000E+00 0.0000  0.00000E+00 0.0000  0.00000E+00 0.0000
  0.00000E+00 0.0000  0.00000E+00 0.0000  0.00000E+00 0.0000  0.00000E+00 0.0000
  0.00000E+00 0.0000  0.00000E+00 0.0000  0.00000E+00 0.0000  0.00000E+00 0.0000
  0.00000E+00 0.0000  0.00000E+00 0.0000  0.00000E+00 0.0000  0.00000E+00 0.0000
  0.00000E+00 0.0000  0.00000E+00 0.0000  0.00000E+00 0.0000  0.00000E+00 0.0000
  0.00000E+00 0.0000  0.00000E+00 0.0000  0.00000E+00 0.0000  0.00000E+00 0.0000
  0.00000E+00 0.0000  0.00000E+00 0.0000  0.00000E+00 0.0000  0.00000E+00 0.0000
  0.00000E+00 0.0000  0.00000E+00 0.0000  0.00000E+00 0.0000  0.00000E+00 0.0000
  0.00000E+00 0.0000  0.00000E+00 0.0000  0.00000E+00 0.0000  0.00000E+00 0.0000
  0.00000E+00 0.0000  0.00000E+00 0.0000  0.00000E+00 0.0000  0.00000E+00 0.0000
  0.00000E+00 0.0000  0.00000E+00 0.0000  0.00000E+00 0.0000  0.00000E+00 0.0000
  0.00000E+00 0.0000  0.00000E+00 0.0000  0.00000E+00 0.0000  0.00000E+00 0.0000
tfc    5       1       1      11       1       1       1       6       1
       1000  0.00000E+00  0.00000E+00
       2000  0.00000E+00  0.00000E+00
       3000  0.00000E+00  0.00000E+00
       4000  0.00000E+00  0.00000E+00
       5000  0.00000E+00  0.00000E+00
