   -1
 
testprob02 -- three different tallies of the same physical quantity.            
   1.3000E+01  1.0000E+00  2.0000E+00  1.0000E+00  3.0000E+00  1.0000E+00  1.0000E+00  1.0000E+00  1.0000E+00  0.0000E+00
   1.0000E+00  1.0000E+04  0.0000E+00  2.0000E+00  1.0000E+00  2.0000E+02  0.0000E+00  0.0000E+00  0.0000E+00  0.0000E+00
   1.0000E+00  1.0000E+00  0.0000E+00  0.0000E+00  0.0000E+00  0.0000E+00  0.0000E+00  0.0000E+00  0.0000E+00  0.0000E+00
     3    5    3    6    3    6    3    6    3    6    3    1    4    0    0    0    0    0    0    0
    1   2   3   7   8   9  17  18  20  21  22   7   8  10  11  17  18  20  21  22   7   8  12  13  17  18  20  21  22   7
    8  10  11  17  18  20  21  22   7   8  14  15  17  18  20  21  22
          1      1000         3
       9000         1        40         2         1
   0.26367E+01  0.38134E+01 -0.73682E+00
          2      1000         3
       9000         1        40         2         1
  -0.32035E+01 -0.26761E+00 -0.17699E+01
          3      1000         3
       9000         1        40         2         1
  -0.16082E+01  0.20691E+00  0.30754E+01
          4      1000         3
       9000         1        40         2         1
  -0.19969E-01  0.90008E+00  0.36055E+01
          5      1000         3
       9000         1        40         2         1
  -0.10097E+01  0.39026E+00 -0.30958E+01
          6      1000         3
       9000         1        40         2         1
   0.33732E+01  0.19642E+01  0.76537E+00
          7      1000         3
       9000         1        40         2         1
   0.29895E+00  0.28267E+01 -0.32029E+01
          8      1000         3
       9000         1        40         2         1
  -0.23774E+01 -0.98403E+00 -0.18497E+01
          9      1000         3
       9000         1        40         2         1
  -0.97870E+00  0.27708E+00  0.42938E+01
         10      1000         3
       9000         1        40         2         1
   0.36523E+01 -0.63468E+00 -0.20356E+01
         11      1000         3
       9000         1        40         2         1
   0.24674E+01 -0.41206E+01 -0.73578E+00
         12      1000         3
       9000         1        40         2         1
   0.91850E+00  0.38451E+01  0.33632E+00
         13      1000         3
       9000         1        40         2         1
   0.64981E-01 -0.20349E+00 -0.36220E+01
         14      1000         3
       9000         1        40         2         1
   0.15762E+01  0.34109E+01  0.24682E+01
         15      1000         3
       9000         1        40         2         1
  -0.56570E+00 -0.19729E+01 -0.34867E+01
         16      1000         3
       9000         1        40         2         1
   0.36585E+01 -0.16457E+01 -0.15697E+01
         17      1000         3
       9000         1        40         2         1
   0.83123E+00 -0.98043E+00  0.17415E+01
         18      1000         3
       9000         1        40         2         1
  -0.14633E+01  0.21765E+01  0.21480E+01
         19      1000         3
       9000         1        40         2         1
   0.33901E-01 -0.14157E+01  0.27401E+01
         20      1000         3
       9000         1        40         2         1
  -0.31936E+01 -0.16138E+01  0.49546E+00
         21      1000         3
       9000         1        40         2         1
   0.10854E+00  0.24937E+01 -0.14449E+01
         22      1000         3
       9000         1        40         2         1
   0.10452E+01  0.38914E+01 -0.18258E+01
         23      1000         3
       9000         1        40         2         1
  -0.10124E+01 -0.78674E+00 -0.11939E+01
         24      1000         3
       9000         1        40         2         1
  -0.38806E+01  0.11673E+01  0.48583E+00
         25      1000         3
       9000         1        40         2         1
   0.45570E+01  0.78951E+00 -0.10542E+01
         26      1000         3
       9000         1        40         2         1
  -0.22862E+01  0.41600E+01  0.26085E+00
         27      1000         3
       9000         1        40         2         1
  -0.50691E+00 -0.23038E+01 -0.14331E+01
         28      1000         3
       9000         1        40         2         1
   0.28195E+01  0.15874E+01  0.31119E+01
         29      1000         3
       9000         1        40         2         1
  -0.55063E+00 -0.14240E+01 -0.18422E+01
         30      1000         3
       9000         1        40         2         1
  -0.22620E+01  0.22579E+01 -0.16823E+01
         31      1000         3
       9000         1        40         2         1
  -0.14381E+01  0.93525E+00  0.44690E+01
         32      1000         3
       9000         1        40         2         1
   0.14201E+01  0.27550E+01  0.38877E+01
         33      1000         3
       9000         1        40         2         1
  -0.32086E+01  0.73481E+00 -0.15507E+00
         34      1000         3
       9000         1        40         2         1
  -0.15639E+01  0.20817E+01 -0.39922E+01
         35      1000         3
       9000         1        40         2         1
   0.24445E+00  0.17467E+01  0.23857E+01
         36      1000         3
       9000         1        40         2         1
  -0.71726E+00  0.46589E+00  0.48988E+01
         37      1000         3
       9000         1        40         2         1
   0.31663E+01  0.45167E+00 -0.21998E+01
         38      1000         3
       9000         1        40         2         1
  -0.29478E+01 -0.26669E+01  0.18080E+01
         39      1000         3
       9000         1        40         2         1
  -0.31627E+01  0.56751E+00 -0.11269E+01
         40      1000         3
       9000         1        40         2         1
   0.26999E+01 -0.33478E+01  0.60004E+00
         41      1000         3
       9000         1        40         2         1
  -0.17050E+01 -0.18588E+01  0.41214E+01
         42      1000         3
       9000         1        40         2         1
  -0.27848E+01  0.17463E+01 -0.14917E+01
         43      1000         3
       9000         1        40         2         1
   0.32402E+01 -0.52045E-01 -0.51673E+00
         44      1000         3
       9000         1        40         2         1
   0.11322E+01  0.33466E+00 -0.29891E+01
         46      1000         3
       9000         1        40         2         1
   0.23322E+01  0.51656E+00 -0.51920E-01
         47      1000         3
       9000         1        40         2         1
   0.25565E+01  0.24418E+01 -0.34335E+01
         48      1000         3
       9000         1        40         2         1
   0.43190E-01  0.23010E+01  0.16024E+01
         49      1000         3
       9000         1        40         2         1
  -0.18276E+01  0.11395E+01  0.44454E+01
         50      1000         3
       9000         1        40         2         1
  -0.27218E+01 -0.25761E+01 -0.11632E+00
         51      1000         3
       9000         1        40         2         1
  -0.15761E+01  0.27201E+01  0.38293E+01
         52      1000         3
       9000         1        40         2         1
  -0.70105E+00  0.34982E+01 -0.13689E+01
         53      1000         3
       9000         1        40         2         1
  -0.77197E+00 -0.39902E+01  0.27001E+01
         54      1000         3
       9000         1        40         2         1
  -0.43542E+01  0.40016E+00 -0.21349E+00
         55      1000         3
       9000         1        40         2         1
   0.31820E+01  0.19828E+01  0.22008E+01
         56      1000         3
       9000         1        40         2         1
   0.17687E+01  0.34137E+01  0.20564E+01
         57      1000         3
       9000         1        40         2         1
  -0.48597E+00 -0.38556E+01  0.16007E+01
         58      1000         3
       9000         1        40         2         1
  -0.12130E+01  0.12741E+01  0.14160E+01
         59      1000         3
       9000         1        40         2         1
  -0.56656E+00 -0.60650E+00  0.16037E+01
         60      1000         3
       9000         1        40         2         1
   0.57560E+00  0.45860E+01 -0.18272E+01
         61      1000         3
       9000         1        40         2         1
  -0.35326E+01 -0.27627E+01  0.13438E+01
         62      1000         3
       9000         1        40         2         1
  -0.28028E+01  0.25145E+01  0.11501E+01
         63      1000         3
       9000         1        40         2         1
  -0.11166E+01  0.86432E+00  0.23697E+01
         64      1000         3
       9000         1        40         2         1
  -0.11294E+01  0.15959E+01  0.21944E+01
         65      1000         3
       9000         1        40         2         1
  -0.41191E+01 -0.24160E+01 -0.64725E+00
         66      1000         3
       9000         1        40         2         1
   0.20639E+01 -0.24933E+01 -0.25837E+01
         67      1000         3
       9000         1        40         2         1
  -0.77171E+00 -0.13773E+01  0.29560E+01
         68      1000         3
       9000         1        40         2         1
   0.29462E+01 -0.12889E+01  0.49455E+00
         69      1000         3
       9000         1        40         2         1
   0.10719E+01 -0.26173E+01 -0.28175E+01
         70      1000         3
       9000         1        40         2         1
   0.39189E+01 -0.11409E+01  0.22546E+01
         71      1000         3
       9000         1        40         2         1
   0.23776E+01  0.21931E+00  0.35620E+01
         72      1000         3
       9000         1        40         2         1
   0.40207E+01  0.18692E+01  0.80060E+00
         73      1000         3
       9000         1        40         2         1
   0.21530E+00  0.21327E+01  0.19456E+01
         74      1000         3
       9000         1        40         2         1
  -0.44234E+01  0.17732E+01 -0.31113E+00
         75      1000         3
       9000         1        40         2         1
  -0.14443E+01 -0.11847E+01  0.47349E+00
         76      1000         3
       9000         1        40         2         1
  -0.19086E+01  0.27132E+01 -0.30750E+01
         77      1000         3
       9000         1        40         2         1
  -0.77933E+00  0.14138E+01  0.43685E+00
         78      1000         3
       9000         1        40         2         1
  -0.96462E+00 -0.26223E+01  0.39621E+01
         79      1000         3
       9000         1        40         2         1
   0.34085E+00  0.29779E+01  0.34413E+01
         80      1000         3
       9000         1        40         2         1
   0.28004E+01  0.24966E+01  0.19086E+01
         81      1000         3
       9000         1        40         2         1
  -0.18200E+01  0.38224E+01 -0.17564E+01
         82      1000         3
       9000         1        40         2         1
  -0.24654E+01  0.23482E+01 -0.94173E+00
         83      1000         3
       9000         1        40         2         1
   0.86346E+00  0.32129E+01  0.21794E+01
         84      1000         3
       9000         1        40         2         1
   0.41729E+01  0.89799E+00 -0.47986E+00
         85      1000         3
       9000         1        40         2         1
  -0.11352E+01  0.30635E+01 -0.19365E+01
         86      1000         3
       9000         1        40         2         1
   0.47203E+01 -0.96191E+00 -0.65730E+00
         87      1000         3
       9000         1        40         2         1
  -0.20197E+01  0.22090E+01  0.21127E+01
         88      1000         3
       9000         1        40         2         1
  -0.12467E+01  0.21212E+01 -0.15912E+01
         89      1000         3
       9000         1        40         2         1
  -0.38951E+00  0.42038E+01  0.15291E+01
         90      1000         3
       9000         1        40         2         1
  -0.17052E+01 -0.29147E+01  0.21373E+01
         91      1000         3
       9000         1        40         2         1
   0.91063E+00  0.41086E+01 -0.24955E+01
         92      1000         3
       9000         1        40         2         1
  -0.22611E+00 -0.27435E+01  0.20854E+01
         93      1000         3
       9000         1        40         2         1
  -0.28057E+01  0.31186E+00 -0.97627E+00
         94      1000         3
       9000         1        40         2         1
  -0.28491E+01  0.28547E+01 -0.37900E+00
         95      1000         3
       9000         1        40         2         1
  -0.26292E+01 -0.22731E+01  0.18878E+01
         96      1000         3
       9000         1        40         2         1
   0.14757E+01  0.39732E+01  0.15541E+00
         97      1000         3
       9000         1        40         2         1
  -0.37940E+01  0.24538E+01 -0.39604E+00
         98      1000         3
       9000         1        40         2         1
   0.28078E+01  0.32922E+00 -0.20603E+01
         99      1000         3
       9000         1        40         2         1
   0.12866E+00 -0.16064E+01 -0.29399E+01
        100      1000         3
       9000         1        40         2         1
   0.16542E+01  0.31334E+01 -0.20724E+01
        101      1000         3
       9000         1        40         2         1
   0.28420E+01  0.20789E+01  0.16207E+01
        102      1000         3
       9000         1        40         2         1
   0.21801E+01  0.29933E+01  0.43147E+00
        103      1000         3
       9000         1        40         2         1
  -0.18874E+01  0.11556E+01  0.17105E+01
        104      1000         3
       9000         1        40         2         1
  -0.20945E+00 -0.15578E+01 -0.34163E+01
        105      1000         3
       9000         1        40         2         1
  -0.13881E+01 -0.27652E+00  0.23875E-01
        106      1000         3
       9000         1        40         2         1
  -0.35949E+01  0.62757E+00  0.22751E+01
        107      1000         3
       9000         1        40         2         1
   0.36540E+01 -0.14863E+01  0.87940E-01
        108      1000         3
       9000         1        40         2         1
  -0.49215E+00 -0.30893E+01 -0.32406E+01
        109      1000         3
       9000         1        40         2         1
  -0.17223E+01 -0.17838E+01 -0.11191E+01
        110      1000         3
       9000         1        40         2         1
   0.33831E+01 -0.27473E+00 -0.23539E+01
        111      1000         3
       9000         1        40         2         1
   0.24146E+01  0.17756E+01 -0.12905E+01
        112      1000         3
       9000         1        40         2         1
   0.27523E+01  0.18191E+01  0.31035E+01
        113      1000         3
       9000         1        40         2         1
   0.34941E+00  0.16534E+01  0.24643E+01
        114      1000         3
       9000         1        40         2         1
  -0.83607E+00  0.12611E+01  0.15248E+01
        115      1000         3
       9000         1        40         2         1
   0.22807E+01  0.14300E+01  0.29053E+01
        116      1000         3
       9000         1        40         2         1
   0.45943E+01  0.22499E+00  0.72482E+00
        117      1000         3
       9000         1        40         2         1
   0.94027E+00  0.37332E+01 -0.88624E-01
        118      1000         3
       9000         1        40         2         1
   0.89688E-01 -0.32359E+01 -0.18637E+00
        119      1000         3
       9000         1        40         2         1
  -0.36827E+01 -0.31211E+01 -0.10826E+01
        120      1000         3
       9000         1        40         2         1
   0.42573E+01  0.48777E+00 -0.16123E+01
        121      1000         3
       9000         1        40         2         1
  -0.11873E+01  0.17126E+00  0.29970E+01
        122      1000         3
       9000         1        40         2         1
  -0.19063E+01  0.14350E+01 -0.36430E+01
        123      1000         3
       9000         1        40         2         1
   0.13885E+01  0.36357E+00  0.24420E+01
        124      1000         3
       9000         1        40         2         1
  -0.18902E+01  0.87840E+00 -0.47454E+00
        125      1000         3
       9000         1        40         2         1
   0.37974E+01 -0.50830E+00  0.24735E+01
        126      1000         3
       9000         1        40         2         1
   0.44085E+01 -0.17166E+01 -0.19318E+00
        127      1000         3
       9000         1        40         2         1
  -0.32282E+01  0.16021E+00 -0.17042E+00
        128      1000         3
       9000         1        40         2         1
   0.20404E+00 -0.48304E+00 -0.22651E+01
        129      1000         3
       9000         1        40         2         1
  -0.34143E+01 -0.59220E+00 -0.21379E+01
        130      1000         3
       9000         1        40         2         1
   0.45376E-01 -0.37421E+01  0.42526E+00
        131      1000         3
       9000         1        40         2         1
   0.32382E+00 -0.50999E+00  0.25806E+01
        132      1000         3
       9000         1        40         2         1
  -0.33308E+01  0.11312E+00  0.20874E+01
        133      1000         3
       9000         1        40         2         1
  -0.79823E-02 -0.33613E+01  0.19061E+01
        134      1000         3
       9000         1        40         2         1
  -0.28686E+01 -0.10672E+01  0.17594E+01
        135      1000         3
       9000         1        40         2         1
   0.18855E+00 -0.28077E+01 -0.25194E+01
        136      1000         3
       9000         1        40         2         1
   0.11538E+00  0.49914E+00 -0.20872E+01
        137      1000         3
       9000         1        40         2         1
  -0.34263E+01 -0.11129E+01  0.17111E+01
        138      1000         3
       9000         1        40         2         1
  -0.23070E+01  0.97392E+00 -0.42730E+01
        139      1000         3
       9000         1        40         2         1
   0.15284E+01  0.45846E+00 -0.11028E+01
        140      1000         3
       9000         1        40         2         1
  -0.16187E+01  0.21241E+01  0.26928E+01
        141      1000         3
       9000         1        40         2         1
  -0.14278E+01 -0.43190E+01  0.20409E+01
        142      1000         3
       9000         1        40         2         1
   0.37238E+01 -0.72674E+00  0.11890E+01
        143      1000         3
       9000         1        40         2         1
  -0.36025E+01  0.22981E+01 -0.57708E+00
        144      1000         3
       9000         1        40         2         1
  -0.24031E+01  0.31092E+01  0.42424E+00
        145      1000         3
       9000         1        40         2         1
  -0.18789E+01  0.26372E+01 -0.20304E+01
        146      1000         3
       9000         1        40         2         1
  -0.70924E+00 -0.14010E+01  0.16642E+01
        147      1000         3
       9000         1        40         2         1
  -0.17963E+01 -0.41440E+01  0.83822E+00
        148      1000         3
       9000         1        40         2         1
   0.31185E+01 -0.28842E+01  0.14762E+01
        149      1000         3
       9000         1        40         2         1
   0.18624E+01 -0.19983E+01 -0.28627E+01
        150      1000         3
       9000         1        40         2         1
  -0.14362E+00 -0.36311E+00  0.52040E+00
        151      1000         3
       9000         1        40         2         1
   0.36613E+01 -0.13733E+01 -0.14450E+01
        152      1000         3
       9000         1        40         2         1
   0.34971E+01  0.10889E+01 -0.71519E-01
        153      1000         3
       9000         1        40         2         1
  -0.12818E+01  0.35112E+01  0.22369E+01
        154      1000         3
       9000         1        40         2         1
   0.26623E+01 -0.19397E+01 -0.27321E+01
        155      1000         3
       9000         1        40         2         1
  -0.12411E+00 -0.26647E+01  0.40859E+01
        156      1000         3
       9000         1        40         2         1
   0.52769E-01 -0.25080E+01 -0.32936E+01
        157      1000         3
       9000         1        40         2         1
   0.21225E+01  0.95099E+00  0.14187E+01
        158      1000         3
       9000         1        40         2         1
   0.15008E+00  0.14725E+01  0.44435E+01
        159      1000         3
       9000         1        40         2         1
  -0.12398E+01 -0.16935E+01 -0.21109E+01
        160      1000         3
       9000         1        40         2         1
  -0.33617E+01  0.17085E+01  0.82175E+00
        161      1000         3
       9000         1        40         2         1
   0.18588E+01 -0.26003E+00 -0.30833E+01
        162      1000         3
       9000         1        40         2         1
  -0.27646E+01 -0.20332E+01 -0.25055E+01
        163      1000         3
       9000         1        40         2         1
  -0.75282E+00 -0.10716E+01  0.38034E+01
        164      1000         3
       9000         1        40         2         1
  -0.25004E+01 -0.23648E+01 -0.12988E+01
        165      1000         3
       9000         1        40         2         1
   0.32783E+01 -0.20075E+00  0.56839E+00
        166      1000         3
       9000         1        40         2         1
   0.22672E+01  0.37657E+01 -0.19997E+01
        167      1000         3
       9000         1        40         2         1
  -0.19683E+01  0.44190E+01  0.36629E+00
        168      1000         3
       9000         1        40         2         1
   0.18575E+00  0.36306E+01 -0.14846E+01
        169      1000         3
       9000         1        40         2         1
   0.20817E+01 -0.27549E+00  0.35286E+01
        170      1000         3
       9000         1        40         2         1
  -0.29988E+01 -0.12416E+01  0.20210E+01
        171      1000         3
       9000         1        40         2         1
   0.16450E+01  0.26790E+01  0.18454E+01
        172      1000         3
       9000         1        40         2         1
  -0.11661E+01 -0.22768E+01  0.14624E+01
        173      1000         3
       9000         1        40         2         1
  -0.10561E+01  0.18532E+01  0.32015E+01
        174      1000         3
       9000         1        40         2         1
   0.27588E+01 -0.20192E+01  0.17051E+01
        175      1000         3
       9000         1        40         2         1
  -0.67642E+00  0.32513E+01  0.15319E+01
        176      1000         3
       9000         1        40         2         1
  -0.11164E+01 -0.18661E+01  0.43623E+01
        177      1000         3
       9000         1        40         2         1
   0.10051E+01  0.77925E+00 -0.41505E+01
        178      1000         3
       9000         1        40         2         1
  -0.19902E+01 -0.33362E+01 -0.14396E+01
        179      1000         3
       9000         1        40         2         1
  -0.28697E+01  0.28423E+01  0.16583E+01
        180      1000         3
       9000         1        40         2         1
  -0.11452E+00  0.24146E+01  0.49757E+00
        181      1000         3
       9000         1        40         2         1
   0.14135E+01 -0.25286E+01 -0.80294E+00
        182      1000         3
       9000         1        40         2         1
   0.36321E+01 -0.18065E+01 -0.19150E+01
        183      1000         3
       9000         1        40         2         1
  -0.31620E+01 -0.29325E+01  0.96666E+00
        184      1000         3
       9000         1        40         2         1
  -0.39694E+01  0.24027E+01 -0.15995E+00
        185      1000         3
       9000         1        40         2         1
   0.13783E+01  0.31743E+00  0.26352E+01
        186      1000         3
       9000         1        40         2         1
   0.69933E+00 -0.81550E+00 -0.12652E+01
        187      1000         3
       9000         1        40         2         1
   0.41719E+01  0.10457E+00 -0.16914E+01
        188      1000         3
       9000         1        40         2         1
   0.63870E+00  0.33035E+01  0.83011E+00
        189      1000         3
       9000         1        40         2         1
  -0.74762E-02  0.22600E+01  0.80959E+00
        190      1000         3
       9000         1        40         2         1
   0.23506E+01  0.26790E+01 -0.29668E+01
        191      1000         3
       9000         1        40         2         1
   0.58342E+00 -0.37197E+01  0.18044E+01
        192      1000         3
       9000         1        40         2         1
   0.30694E+01 -0.31621E+01  0.16299E+00
        193      1000         3
       9000         1        40         2         1
   0.19103E+00 -0.23240E+00 -0.33091E+00
        194      1000         3
       9000         1        40         2         1
   0.89858E+00  0.20120E+01  0.44010E+01
        195      1000         3
       9000         1        40         2         1
   0.99030E+00  0.14810E+01 -0.25292E+01
        196      1000         3
       9000         1        40         2         1
   0.64967E+00 -0.25177E+00  0.48051E+01
        197      1000         3
       9000         1        40         2         1
  -0.41174E+01 -0.79273E+00 -0.18166E+01
        198      1000         3
       9000         1        40         2         1
  -0.16205E+01  0.37035E+00 -0.12308E+00
        199      1000         3
       9000         1        40         2         1
  -0.31454E+01 -0.11898E+01 -0.14661E+01
        200      1000         3
       9000         1        40         2         1
   0.91792E+00  0.20625E+01  0.14503E+01
