                                       2         157       22739734
 test problem for time splitting test                                           
ntal     3
  104  204  304
tally  104    1    0
      neutron flux in cell 2                                                    
f        2
      3      1
d        1
u        0
s        0
m        0
c        0
et       5
  1.00000E-02  1.00000E-01  1.00000E+00  1.00000E+02
tt       5
  1.00000E+02  1.00000E+03  1.00000E+04  1.00000E+20
vals
  5.74551E-05 0.0279  4.41229E-05 0.1733  1.95891E-04 0.1986  3.46678E-04 0.1997
  6.44147E-04 0.1810  1.88225E-05 0.0482  0.00000E+00 0.0000  0.00000E+00 0.0000
  0.00000E+00 0.0000  1.88225E-05 0.0482  4.40484E-05 0.0621  0.00000E+00 0.0000
  0.00000E+00 0.0000  0.00000E+00 0.0000  4.40484E-05 0.0621  8.94641E-06 0.1875
  0.00000E+00 0.0000  0.00000E+00 0.0000  0.00000E+00 0.0000  8.94641E-06 0.1875
  1.29272E-04 0.0287  4.41229E-05 0.1733  1.95891E-04 0.1986  3.46678E-04 0.1997
  7.15964E-04 0.1632  0.00000E+00 0.0000  0.00000E+00 0.0000  0.00000E+00 0.0000
  0.00000E+00 0.0000  0.00000E+00 0.0000  0.00000E+00 0.0000  0.00000E+00 0.0000
  0.00000E+00 0.0000  0.00000E+00 0.0000  0.00000E+00 0.0000  0.00000E+00 0.0000
  0.00000E+00 0.0000  0.00000E+00 0.0000  0.00000E+00 0.0000  0.00000E+00 0.0000
  0.00000E+00 0.0000  0.00000E+00 0.0000  0.00000E+00 0.0000  0.00000E+00 0.0000
  0.00000E+00 0.0000  0.00000E+00 0.0000  0.00000E+00 0.0000  0.00000E+00 0.0000
  0.00000E+00 0.0000  0.00000E+00 0.0000
tfc    1       1       1       1       1       1       1       5       5
        157  7.15964E-04  1.63153E-01
tally  204    2    0
      photon flux in cell 2                                                     
f        2
      3      1
d        1
u        0
s        0
m        0
c        0
et       5
  1.00000E-02  1.00000E-01  1.00000E+00  1.00000E+02
tt       5
  1.00000E+02  1.00000E+03  1.00000E+04  1.00000E+20
vals
  8.96455E-11 0.6446  0.00000E+00 0.0000  1.49617E-08 0.4350  1.19474E-08 0.2828
  2.69987E-08 0.2944  1.26687E-06 0.4489  0.00000E+00 0.0000  2.95915E-05 0.3631
  5.81912E-05 0.2112  8.90497E-05 0.2227  4.70034E-06 0.4870  4.95917E-07 0.9968
  5.23863E-05 0.2529  1.03556E-04 0.2146  1.61139E-04 0.2054  6.76249E-06 0.2495
  7.80818E-06 0.5702  8.16084E-05 0.2042  1.38092E-04 0.2046  2.34272E-04 0.1998
  1.27298E-05 0.2733  8.30410E-06 0.5399  1.63601E-04 0.2180  2.99852E-04 0.2053
  4.84487E-04 0.1985  0.00000E+00 0.0000  0.00000E+00 0.0000  0.00000E+00 0.0000
  0.00000E+00 0.0000  0.00000E+00 0.0000  0.00000E+00 0.0000  0.00000E+00 0.0000
  0.00000E+00 0.0000  0.00000E+00 0.0000  0.00000E+00 0.0000  0.00000E+00 0.0000
  0.00000E+00 0.0000  0.00000E+00 0.0000  0.00000E+00 0.0000  0.00000E+00 0.0000
  0.00000E+00 0.0000  0.00000E+00 0.0000  0.00000E+00 0.0000  0.00000E+00 0.0000
  0.00000E+00 0.0000  0.00000E+00 0.0000  0.00000E+00 0.0000  0.00000E+00 0.0000
  0.00000E+00 0.0000  0.00000E+00 0.0000
tfc    1       1       1       1       1       1       1       5       5
        157  4.84487E-04  1.98484E-01
tally  304    4    0
      electron flux in cell 2                                                   
f        2
      3      1
d        1
u        0
s        0
m        0
c        0
et       5
  1.00000E-02  1.00000E-01  1.00000E+00  1.00000E+02
tt       5
  1.00000E+02  1.00000E+03  1.00000E+04  1.00000E+20
vals
  2.08949E-09 0.3241  1.23358E-09 0.6719  2.00418E-08 0.2081  3.66998E-08 0.2053
  6.00647E-08 0.1968  1.36725E-08 0.4226  6.67024E-09 0.6844  1.37178E-07 0.2105
  2.75995E-07 0.2089  4.33516E-07 0.1996  1.01224E-07 0.2688  1.02704E-07 0.8451
  1.40664E-06 0.2171  2.45332E-06 0.2065  4.06389E-06 0.2043  1.23886E-07 0.2741
  5.48709E-08 0.5998  8.40390E-07 0.2110  1.42322E-06 0.2039  2.44237E-06 0.1918
  2.40872E-07 0.2375  1.65479E-07 0.7331  2.40425E-06 0.2110  4.18924E-06 0.2051
  6.99984E-06 0.1986  0.00000E+00 0.0000  0.00000E+00 0.0000  0.00000E+00 0.0000
  0.00000E+00 0.0000  0.00000E+00 0.0000  0.00000E+00 0.0000  0.00000E+00 0.0000
  0.00000E+00 0.0000  0.00000E+00 0.0000  0.00000E+00 0.0000  0.00000E+00 0.0000
  0.00000E+00 0.0000  0.00000E+00 0.0000  0.00000E+00 0.0000  0.00000E+00 0.0000
  0.00000E+00 0.0000  0.00000E+00 0.0000  0.00000E+00 0.0000  0.00000E+00 0.0000
  0.00000E+00 0.0000  0.00000E+00 0.0000  0.00000E+00 0.0000  0.00000E+00 0.0000
  0.00000E+00 0.0000  0.00000E+00 0.0000
tfc    1       1       1       1       1       1       1       5       5
        157  6.99984E-06  1.98618E-01
