                                       2        3000        4733857
 testprob12  ==>> porosity tool model                                           
ntal     4
    4   24   44   64
tally    4    1    0
       neutron flux*volume in cells 1 (near) and 2 (far)                        
f        2
      2      3
d        1
u        0
s        0
m        0
c        0
et      11
  1.00000E-07  4.10000E-07  1.06000E-05  1.01000E-04  1.50000E-03  2.60000E-02
  4.90000E-01  2.70000E+00  1.22000E+01  1.40000E+01
t        0
vals
  1.67073E-03 0.2149  5.33588E-04 0.3369  1.72706E-03 0.3989  1.90575E-03 0.3169
  2.24008E-03 0.4769  3.61391E-03 0.4637  1.96904E-03 0.6687  1.00108E-02 0.3404
  1.58626E-03 0.7117  0.00000E+00 0.0000  2.52572E-02 0.1864  5.00862E-04 0.2820
  6.51982E-05 0.6456  1.15246E-04 0.3912  8.61097E-05 0.4925  1.92927E-05 0.6792
  2.29518E-04 0.4125  0.00000E+00 0.0000  1.74214E-04 0.5783  9.74748E-05 0.9998
  0.00000E+00 0.0000  1.28791E-03 0.2045
tfc    3       1       1       1       1       1       1      11       1
       1000  2.39209E-02  3.41911E-01
       2000  2.31627E-02  2.21285E-01
       3000  2.52572E-02  1.86369E-01
tally   24    1    0
       neutron absorption rate in cells 1 (near)                                
f        1
      2
d        1
u        0
s        0
m        1
c        0
et      11
  1.00000E-07  4.10000E-07  1.06000E-05  1.01000E-04  1.50000E-03  2.60000E-02
  4.90000E-01  2.70000E+00  1.22000E+01  1.40000E+01
t        0
vals
  6.65117E-04 0.2225  9.93396E-05 0.3434  8.63439E-05 0.3599  2.97911E-05 0.3079
  8.01583E-06 0.4745  2.98369E-06 0.5395  2.04368E-07 0.6406  8.60465E-07 0.3437
  7.88405E-08 0.7074  0.00000E+00 0.0000  8.92735E-04 0.1791
tfc    3       1       1       1       1       1       1      11       1
       1000  4.57073E-04  3.80852E-01
       2000  8.82284E-04  2.05693E-01
       3000  8.92735E-04  1.79067E-01
tally   44    1    0
       neutron total reaction rate in cells 1 (near) and 2 (far)                
f        1
      3
d        1
u        0
s        0
m        1
c        0
et      11
  1.00000E-07  4.10000E-07  1.06000E-05  1.01000E-04  1.50000E-03  2.60000E-02
  4.90000E-01  2.70000E+00  1.22000E+01  1.40000E+01
t        0
vals
  1.95578E-04 0.2562  1.34689E-05 0.6287  6.78431E-06 0.4065  1.14021E-06 0.4367
  9.19392E-08 0.6178  2.73243E-07 0.4924  0.00000E+00 0.0000  1.47129E-08 0.5788
  3.27113E-09 0.9998  0.00000E+00 0.0000  2.17355E-04 0.2407
tfc    3       1       1       1       1       1       1      11       1
       1000  3.52641E-04  3.60123E-01
       2000  2.26469E-04  2.98676E-01
       3000  2.17355E-04  2.40724E-01
tally   64    1    0
       neutron elastic scattering rate in cells 1 (near) and 2 (far)            
f        2
      2      3
d        1
u        0
s        0
m        1
c        0
et      11
  1.00000E-07  4.10000E-07  1.06000E-05  1.01000E-04  1.50000E-03  2.60000E-02
  4.90000E-01  2.70000E+00  1.22000E+01  1.40000E+01
t        0
vals
  6.12884E-07 0.2152  1.80949E-07 0.3368  5.73063E-07 0.3986  6.27601E-07 0.3168
  7.22835E-07 0.4764  1.09179E-06 0.4638  3.83779E-07 0.6590  2.07949E-06 0.3409
  3.50670E-07 0.7102  0.00000E+00 0.0000  6.62306E-06 0.1729  1.83528E-07 0.2756
  2.22000E-08 0.6445  3.82799E-08 0.3912  2.83173E-08 0.4921  6.24539E-09 0.6767
  7.07043E-08 0.4156  0.00000E+00 0.0000  3.99416E-08 0.5775  1.87107E-08 0.9998
  0.00000E+00 0.0000  4.07927E-07 0.1978
tfc    3       1       1       1       1       1       1      11       1
       1000  6.66828E-06  3.31927E-01
       2000  6.22367E-06  2.10003E-01
       3000  6.62306E-06  1.72920E-01
